228
320
253
291
301
274
333
244
281
256
263
292
327
258
323
287
216
325
157
282
178
224
272
151
292
289
311
211
60
212
285
193
312
221
204
307
280
182
188
208
202
373
276
349
297
256
256
238
298
251
158
273
150
263
169
171
312
278
221
192
212
314
197
179
258
243
318
285
234
265
188
324
258
267
256
278
287
346
235
306
205
265
327
220
284
263
288
223
240
275
201
277
215
291
243
318
254
321
235
321
229
117
251
250
309
194
201
184
134
119
142
235
195
221
297
298
228
261
289
225
176
263
203
284
283
294
230
179
243
294
266
269
292
329
286
333
212
311
251
263
243
363
119
228
208
243
248
230
244
346
240
184
228
342
253
326
326
265
183
184
215
358
274
339
172
186
222
223
329
239
231
268
281
162
279
130
264
312
193
262
301
206
172
294
200
286
290
228
359
215
297
277
301
326
248
234
226
197
176
313
332
141
234
344
286
189
285
194
316
246
154
239
249
167
241
94
228
238
335
203
252
242
260
203
189
236
219
344
281
364
152
321
94
232
311
384
191
235
274
188
224
255
293
254
215
248
246
102
161
201
284
351
206
226
222
272
213
215
315
316
116
293
268
269
177
244
319
184
229
260
342
243
265
285
284
242
264
141
334
254
118
277
198
313
316
175
246
286
212
196
271
210
203
198
372
230
224
329
283
357
167
214
304
366
292
220
234
224
276
254
178
296
226
377
221
262
277
335
174
256
254
182
233
284
351
151
401
345
245
190
240
272
345
191
186
238
244
256
258
212
183
183
234
313
242
160
252
260
324
262
327
257
223
180
182
220
220
220
204
194
200
299
293
242
262
156
100
147
319
324
168
203
197
178
207
274
286
259
242
231
207
233
242
86
303
311
228
184
181
234
222
207
239
230
144
329
276
192
307
239
239
310
223
253
223
192
216
155
294
212
298
172
290
339
346
350
275
257
129
329
230
184
296
320
235
164
222
241
247
186
252
248
224
213
231
202
236
292
301
195
254
304
290
256
298
228
219
156
319
275
225
348
160
329
299
167
317
320
282
279
370
223
285
223
257
285
303
284
225
258
401
209
324
226
253
275
260
306
237
130
167
279
171
345
208
170
353
265
325
222
209
222
195
327
282
329
282
205
247
191
238
245
154
208
148
251
207
232
285
253
212
248
257
184
170
227
217
253
261
143
310
222
227
304
239
349
231
313
245
230
266
299
307
246
335
324
290
293
298
197
330
214
277
231
241
208
323
363
248
239
205
246
164
265
208
270
139
297
236
245
300
223
246
256
151
234
228
236
204
230
275
199
116
255
249
243
235
298
192
162
337
273
244
200
184
156
218
238
336
282
233
249
232
278
331
296
204
269
256
255
270
269
374
285
203
208
301
215
168
259
239
299
305
351
162
155
252
235
230
237
267
194
257
300
258
251
236
367
241
281
200
265
170
346
249
237
252
353
117
209
264
160
252
92
228
355
244
257
304
381
235
235
126
289
283
294
251
314
293
271
134
324
276
290
202
262
152
242
250
202
153
275
136
337
204
299
318
171
140
179
238
194
269
270
393
270
230
184
163
216
272
218
296
167
272
241
226
197
275
264
204
398
233
257
332
148
272
336
275
225
208
107
251
206
269
171
325
324
303
206
369
243
232
230
279
192
220
145
294
174
220
224
283
199
235
221
256
202
148
267
246
140
187
306
141
299
323
239
193
122
211
148
320
180
249
329
172
246
198
286
268
320
273
261
208
264
254
177
177
167
147
341
277
171
250
176
239
223
309
274
297
246
287
276
198
336
246
178
144
139
303
329
272
177
224
295
245
225
273
282
197
239
292
222
296
187
287
273
227
173
347
318
273
246
234
230
406
355
188
288
143
243
339
160
203
345
319
189
203
295
249
261
255
330
225
194
278
225
275
268
160
291
180
194
297
273
187
308
194
283
177
367
226
289
321
291
186
241
306
197
261
218
195
257
344
417
228
227
245
198
207
255
225
282
274
239
366
265
267
360
265
303
320
241
237
397
288
257
234
248
259
229
246
291
261
202
160
265
228
261
303
233
276
377
366
237
186
223
241
214
90
263
211
264
235
315
319
253
314
164
328
245
221
223
303
316
241
220
329
331
335
177
134
237
200
327
132
234
319
303
211
288
233
214
179
143
267
202
188
246
283
218
265
143
191
291
273
205
202
329
141
337
125
158
340
200
364
278
286
196
178
252
193
343
309
342
280
245
202
309
312
216
273
210
244
201
268
209
289
320
197
324
229
239
153
278
326
273
250
230
192
197
204
174
318
234
213
288
206
164
293
245
274
330
349
176
219
200
165
154
293
352
287
254
191
302
287
226
200
144
169
291
144
179
299
301
317
382
264
261
273
308
302
190
319
173
256
223
168
143
312
272
170
275
298
189
205
291
216
294
207
312
219
352
306
286
298
184
146
216
168
271
246
185
240
320
209
191
180
204
252
147
246
203
331
228
345
281
209
178
159
265
259
218
201
251
306
220
306
354
181
263
208
150
225
320
240
279
162
382
182
172
166
325
335
272
236
233
266
242
206
209
373
280
127
244
251
314
345
252
250
255
254
205
262
196
330
184
212
274
276
264
277
181
332
219
294
246
270
335
273
230
155
242
277
224
246
301
188
309
227
160
162
218
288
182
338
225
246
298
267
197
329
212
278
264
282
215
176
187
148
272
214
258
205
275
240
187
240
268
232
177
208
201
241
237
267
260
232
264
264
185
166
266
212
129
322
181
222
176
351
273
247
233
204
213
248
312
283
172
266
284
264
215
320
385
352
311
369
236
204
290
312
258
238
254
145
258
346
197
307
333
204
176
275
252
238
231
161
324
190
148
125
239
260
139
271
260
211
268
209
269
288
257
325
167
292
206
212
217
233
196
292
192
272
374
126
276
227
290
280
345
215
287
254
217
337
189
327
245
154
216
341
272
127
235
142
127
215
284
157
296
209
177
252
258
352
315
206
274
219
332
193
205
204
163
324
336
286
359
272
182
240
340
298
251
296
328
230
218
280
340
307
212
315
259
294
269
309
236
250
267
203
153
229
279
202
264
253
218
377
239
225
292
217
179
294
254
199
237
151
209
239
312
223
266
218
253
202
153
272
244
179
138
265
213
148
233
238
227
211
280
204
271
202
158
278
227
89
311
210
143
224
217
185
250
195
216
274
177
243
171
248
153
236
387
342
141
311
330
192
269
139
322
278
180
161
173
195
205
290
194
299
278
220
227
183
212
252
291
263
307
191
295
221
158
238
323
369
244
367
205
134
399
237
255
137
317
152
177
264
234
208
180
266
183
364
274
109
314
185
226
197
328
159
116
165
301
161
137
288
182
212
374
172
255
218
143
277
233
288
296
198
311
332
242
304
223
214
224
332
215
257
238
368
364
246
247
202
214
260
299
204
244
359
290
338
316
140
226
243
275
246
234
290
306
294
248
198
210
185
196
212
226
257
304
283
144
234
278
284
242
185
229
267
190
169
309
192
306
293
179
259
314
250
253
384
164
263
221
170
321
230
278
171
240
231
380
186
153
184
217
262
252
228
243
187
262
163
311
197
163
233
369
187
229
260
250
196
241
271
259
184
300
198
313
324
180
307
330
312
250
327
253
376
297
263
323
282
250
299
181
244
312
208
295
196
299
301
238
291
177
227
276
258
172
166
382
216
233
160
219
251
290
380
183
203
213
252
196
258
243
254
237
235
270
327
368
248
238
288
269
121
220
236
228
299
284
224
268
255
296
212
329
251
170
226
251
230
309
213
159
247
240
222
250
320
227
260
261
225
190
315
182
264
267
348
208
385
253
248
276
242
202
303
244
215
105
401
263
268
108
272
264
333
241
224
128
195
309
200
254
236
248
184
317
216
227
194
267
252
257
387
290
196
261
159
190
321
346
247
238
272
194
104
328
265
250
307
204
154
290
303
372
295
256
311
217
156
178
190
245
324
260
298
239
199
234
266
267
209
228
366
304
93
340
128
260
206
321
205
211
153
218
238
214
226
255
246
205
217
340
245
190
265
299
311
239
225
154
203
250
309
285
211
353
171
180
232
257
333
185
332
156
127
210
214
260
239
363
274
252
276
204
303
262
212
351
168
291
196
295
282
297
417
296
398
294
280
128
210
288
195
208
218
183
256
151
241
315
313
262
145
175
197
291
125
229
171
231
100
215
259
262
309
318
239
191
309
165
181
366
281
343
278
263
231
240
225
238
279
180
221
312
233
243
243
207
281
136
223
213
254
240
278
287
221
212
273
267
214
233
227
231
158
211
225
255
333
307
222
261
247
296
256
239
294
247
345
204
191
161
211
345
232
276
346
151
194
184
368
175
185
179
361
167
184
156
163
200
287
92
290
245
204
140
170
281
297
180
167
267
199
243
206
292
257
294
319
192
311
362
322
272
207
277
225
132
174
272
263
328
363
309
296
266
393
183
363
284
213
159
157
220
293
239
186
261
311
243
195
290
334
195
124
274
306
128
173
345
255
212
294
155
213
147
276
240
275
241
268
245
181
290
259
343
278
286
221
151
190
233
347
226
341
366
281
302
322
262
356
411
277
264
252
182
173
243
271
191
221
227
242
173
195
200
284
266
298
245
262
278
248
218
318
292
266
247
273
230
152
316
364
229
251
269
268
189
316
259
226
253
196
296
166
321
196
199
242
310
288
260
245
284
255
300
204
275
272
215
220
179
285
187
210
263
243
370
290
359
271
253
230
151
211
282
317
244
241
331
226
132
258
269
308
255
221
188
270
270
201
268
165
251
163
313
180
251
194
251
269
306
227
250
209
268
279
282
194
253
249
367
354
375
243
268
266
206
220
235
225
201
257
215
303
252
215
301
334
216
212
249
230
273
302
177
240
229
134
101
230
220
235
225
312
241
296
113
188
231
231
174
213
257
245
346
255
173
320
239
307
272
316
273
332
150
379
131
144
258
315
193
221
392
241
286
170
275
280
265
255
216
331
174
301
295
362
322
167
194
278
352
252
329
337
242
263
323
220
175
172
268
220
157
240
326
387
233
151
288
307
345
358
195
184
223
231
212
291
291
202
231
322
175
247
135
128
278
174
293
308
350
222
216
305
241
288
208
329
267
206
272
229
269
91
203
318
328
275
222
222
328
293
190
172
358
227
284
273
236
244
336
230
285
285
291
327
289
349
310
220
228
192
282
370
267
302
148
278
177
349
308
269
366
314
175
195
185
310
200
282
173
222
214
195
209
179
199
199
214
275
212
311
198
303
263
308
159
291
112
305
219
275
201
217
359
178
257
231
268
315
275
228
261
206
177
147
265
299
202
328
300
292
353
274
313
286
234
240
392
269
202
236
322
177
236
158
220
159
284
289
349
191
215
267
257
262
323
324
257
222
219
253
235
245
226
100
181
219
262
270
276
317
305
219
259
194
195
167
245
208
185
121
178
248
197
362
253
184
229
236
135
198
253
325
230
192
186
216
171
399
283
265
211
159
254
206
324
249
215
322
260
93
346
299
274
161
170
248
208
195
220
314
221
312
231
243
291
185
362
225
271
307
210
251
152
273
268
110
217
160
240
193
320
167
305
240
227
232
205
171
280
186
200
211
215
259
207
260
262
260
185
325
288
165
222
293
324
315
338
179
296
149
199
286
242
170
250
255
294
294
231
290
220
295
205
227
238
225
251
168
258
209
276
256
349
336
156
279
222
180
343
262
274
292
308
190
266
292
239
327
223
268
265
139
144
184
283
263
192
270
219
342
251
273
220
297
303
372
306
342
250
196
292
155
220
219
246
233
200
212
297
170
306
127
257
137
242
196
407
264
277
230
190
212
213
246
177
297
387
148
226
159
184
252
231
297
178
210
166
223
272
223
321
253
189
242
254
134
283
132
200
256
171
227
245
164
167
184
217
148
282
203
189
327
177
317
265
289
306
273
295
363
194
152
231
222
224
329
120
273
227
195
257
170
177
348
230
202
255
224
246
245
262
229
239
282
232
333
275
278
183
235
257
281
405
343
303
296
228
306
268
233
331
317
173
292
233
308
238
143
211
126
282
294
237
212
191
216
229
205
209
192
268
255
269
253
282
297
173
349
233
325
338
276
232
312
182
175
285
268
242
322
206
201
260
259
246
345
249
211
212
211
234
161
138
306
238
328
134
318
243
169
189
353
287
210
223
260
232
189
238
290
350
266
173
236
229
286
203
250
214
154
241
346
280
254
369
233
285
218
364
217
220
218
292
244
345
213
90
333
197
316
214
209
169
211
308
116
271
222
231
300
166
232
261
284
239
116
191
124
226
295
197
170
354
294
181
217
278
286
283
215
256
315
290
223
261
169
156
243
299
212
212
274
235
261
159
227
310
227
238
234
277
229
250
311
184
351
251
308
340
341
335
239
250
300
309
209
267
186
309
250
212
340
352
351
234
160
160
189
242
285
216
309
139
253
157
269
188
330
297
221
308
301
248
289
241
294
236
261
233
272
267
320
229
204
201
239
280
301
221
286
146
269
190
152
220
192
285
309
202
191
259
153
146
302
275
164
204
257
346
291
219
169
132
174
134
211
265
245
133
164
147
290
269
271
298
216
182
319
269
191
267
284
201
188
229
289
272
179
251
185
220
168
219
242
187
250
78
269
287
359
203
197
291
213
221
268
208
233
73
259
182
275
217
314
232
172
164
228
317
294
204
226
303
289
278
363
159
220
282
269
343
163
199
347
235
199
337
258
344
164
327
165
204
155
221
211
231
141
272
215
212
340
313
266
310
246
318
132
314
138
283
222
355
168
235
227
321
216
279
235
276
157
208
290
317
354
244
175
149
252
164
201
202
271
234
295
293
221
205
198
370
153
296
273
155
124
226
221
236
213
252
198
198
163
354
230
274
244
217
230
221
190
224
315
229
322
315
267
256
228
177
229
268
186
320
272
309
215
156
263
210
314
272
264
143
357
166
181
174
84
245
366
218
161
288
330
245
167
174
200
187
301
312
304
155
295
332
256
276
306
234
166
250
349
158
265
372
244
311
230
368
177
278
252
269
202
178
283
339
194
238
267
268
149
345
267
264
277
222
342
293
164
277
322
216
196
339
222
369
317
326
254
329
286
270
117
349
267
200
279
221
302
170
290
179
230
210
221
218
211
271
249
295
344
170
142
328
226
217
197
178
260
163
127
337
167
203
223
199
300
186
231
289
282
238
249
258
283
265
307
199
194
142
199
264
308
243
266
151
235
187
230
273
255
142
229
202
233
239
187
217
184
228
184
286
322
245
246
286
159
209
203
151
254
217
201
208
214
271
274
303
180
205
220
137
327
190
319
316
297
204
251
213
183
296
192
197
151
214
250
284
139
263
143
200
173
109
319
270
229
303
197
217
252
254
225
282
142
341
129
193
280
285
292
304
171
246
252
300
266
295
184
173
361
270
220
196
324
156
166
162
174
202
251
335
108
275
151
168
322
241
266
285
108
245
156
228
251
210
228
279
278
191
256
247
238
211
184
255
342
390
296
277
238
215
287
170
182
197
337
269
246
222
252
227
120
207
289
299
384
302
308
280
207
348
132
259
133
170
269
290
229
169
267
327
322
335
175
305
162
262
216
231
305
238
190
263
178
290
236
310
256
324
370
222
347
220
292
255
337
184
184
225
219
332
210
254
209
202
312
236
255
217
248
205
283
234
278
275
269
293
294
261
221
315
216
329
271
184
283
214
206
203
245
218
301
264
140
171
238
244
262
273
296
203
280
246
284
156
383
258
243
308
212
280
212
264
251
330
208
258
239
213
200
250
243
269
308
312
132
257
296
269
303
287
268
298
197
210
299
203
187
249
398
230
238
267
372
142
206
200
219
285
268
232
255
201
208
221
203
209
169
261
249
228
356
242
287
260
278
311
258
344
339
170
285
306
181
222
245
210
220
222
225
194
235
176
185
236
205
367
240
255
258
201
335
303
314
306
316
213
264
180
291
197
218
171
308
327
217
249
186
231
325
207
126
379
210
299
261
270
197
257
194
304
327
220
209
198
278
213
317
318
286
226
266
235
189
226
272
233
258
267
232
238
233
252
305
280
292
204
260
288
326
257
260
261
206
244
197
322
269
320
296
146
202
246
213
236
307
176
273
291
294
336
228
287
177
257
300
269
209
278
234
226
171
346
202
308
329
208
302
283
296
229
238
194
219
298
204
190
176
316
340
396
205
261
164
279
189
189
296
325
235
233
222
236
172
227
243
348
296
284
280
206
264
246
304
265
218
324
214
258
294
199
270
199
254
257
257
301
320
293
255
287
311
292
248
274
259
315
290
212
225
236
320
296
209
286
187
285
257
347
351
221
254
297
130
198
247
283
255
238
162
180
247
353
284
146
293
273
300
250
172
322
314
266
246
313
346
262
276
196
280
188
207
261
210
223
317
225
258
269
243
265
126
234
147
188
292
279
219
406
250
298
202
244
245
275
169
295
229
206
193
217
159
279
144
188
190
224
278
258
330
155
213
283
191
232
264
268
260
262
141
121
195
312
206
220
297
303
294
189
283
237
248
212
212
216
255
238
265
363
169
264
187
257
245
393
170
158
259
301
149
154
322
253
248
283
78
310
246
374
126
281
226
294
335
344
302
199
227
285
213
145
303
261
257
301
287
179
260
171
211
165
323
259
316
388
166
304
319
117
187
109
369
278
329
232
245
190
214
266
230
253
221
204
307
237
240
237
265
227
260
116
118
378
272
270
206
248
288
322
251
343
206
301
223
205
323
314
235
121
380
293
256
164
281
194
340
265
233
172
157
265
257
294
268
352
287
314
211
271
248
282
297
243
192
258
253
164
292
316
252
235
179
249
209
276
281
298
296
297
255
320
209
248
271
206
390
225
329
299
288
266
115
313
152
328
282
206
312
223
237
265
263
172
239
323
354
278
186
222
188
160
302
319
207
219
154
295
267
295
237
308
249
193
219
236
203
234
203
193
304
192
287
210
279
207
256
255
307
214
218
263
254
307
245
172
127
292
192
212
262
314
327
354
244
235
322
197
167
350
322
230
229
259
211
185
207
347
295
328
204
252
202
234
300
227
251
241
285
202
371
201
217
241
241
262
225
184
308
276
179
234
220
286
175
144
353
142
252
333
238
204
262
149
156
225
221
203
239
108
272
262
306
265
312
419
196
218
295
147
264
124
184
207
301
253
329
170
190
244
278
126
184
227
181
297
269
271
265
208
301
276
205
263
285
261
190
238
241
295
268
210
141
249
216
194
268
250
317
211
267
266
277
323
306
233
269
214
298
192
276
221
216
336
207
235
261
201
283
259
204
209
257
244
120
312
283
203
293
263
204
205
309
258
267
318
214
207
306
120
284
221
287
222
223
244
179
218
265
280
419
216
214
230
232
285
268
156
218
258
165
212
269
281
260
279
201
300
266
197
213
258
162
300
246
307
311
370
293
115
255
104
254
218
359
374
173
290
299
249
252
122
260
194
309
235
296
225
291
313
233
183
167
272
317
304
313
217
153
279
192
287
317
209
237
205
232
272
249
292
185
226
305
240
326
188
253
153
240
216
155
193
356
290
284
260
276
295
217
276
140
215
206
181
257
339
205
257
259
322
184
284
207
204
324
177
239
276
223
159
150
296
227
367
266
206
303
277
285
243
224
319
264
281
256
200
168
226
167
343
290
296
254
299
185
233
201
246
223
263
220
337
137
176
351
218
227
105
212
262
258
284
230
103
265
159
370
146
267
345
204
198
372
275
367
187
227
219
353
358
249
237
228
301
327
245
240
320
379
276
267
240
195
204
362
161
110
393
344
191
278
213
272
235
248
198
381
342
279
175
118
252
327
273
290
286
285
136
254
297
261
219
305
330
274
213
273
276
223
159
223
337
205
221
320
280
245
218
349
211
170
187
297
314
295
172
331
97
272
308
216
199
325
189
323
185
295
257
165
248
129
209
180
202
286
152
373
278
155
258
189
243
196
312
167
273
194
331
253
236
211
307
243
199
251
208
166
177
273
289
205
228
197
153
253
137
73
244
325
334
317
315
286
329
219
253
225
257
231
141
158
340
238
192
277
200
306
263
282
299
161
233
240
229
255
297
163
306
331
282
211
210
175
221
210
235
175
244
223
220
371
232
213
290
288
223
282
262
297
211
283
163
320
209
289
168
231
236
268
282
364
183
289
252
179
312
216
148
348
229
238
369
225
364
254
306
348
231
92
207
255
201
315
108
283
293
266
208
213
233
268
225
166
275
238
337
294
319
241
281
261
193
335
287
258
425
293
283
275
169
273
292
297
116
265
332
291
308
186
303
284
149
174
217
274
302
293
235
215
278
281
269
242
275
215
323
322
358
338
143
297
298
217
189
304
360
269
275
225
153
318
268
259
371
241
306
234
160
182
186
227
183
255
300
253
210
269
220
187
273
290
241
328
199
251
192
259
173
330
251
275
211
162
264
175
206
226
299
126
272
174
258
360
141
151
286
284
219
220
238
293
196
316
266
297
264
222
308
268
255
258
299
183
254
152
131
289
298
124
162
233
196
200
237
198
249
204
161
158
237
304
288
295
310
184
238
293
307
307
297
304
266
266
305
239
221
223
237
251
222
290
207
223
230
242
250
193
133
267
224
304
110
247
277
214
271
234
293
332
316
146
314
159
215
252
304
209
184
166
261
171
216
228
309
279
297
338
276
275
265
294
265
198
341
218
189
322
272
222
250
268
134
320
268
199
226
160
299
276
203
292
212
186
270
131
283
136
282
300
301
221
298
248
253
266
247
205
152
278
340
232
296
251
305
161
255
204
238
349
319
258
319
314
332
330
278
341
277
211
244
300
182
251
269
245
293
198
303
262
301
140
218
320
270
351
226
145
214
270
242
306
259
318
272
244
295
195
191
178
284
301
201
319
94
248
290
214
285
239
165
280
195
322
184
268
247
211
239
271
193
298
264
332
230
266
374
276
322
243
342
293
258
150
195
231
262
230
269
249
237
235
245
322
229
295
303
237
263
265
172
220
290
299
226
93
276
193
162
173
303
249
303
338
195
261
289
286
191
272
304
110
144
281
380
278
280
317
176
154
230
243
214
123
298
318
247
361
190
177
180
320
183
242
247
241
344
255
298
276
223
280
250
240
301
289
192
252
317
174
209
251
158
108
241
209
293
168
177
248
260
299
167
237
222
311
244
234
154
230
221
267
196
330
194
196
188
285
181
222
216
186
239
200
263
261
302
210
279
224
302
257
167
309
302
193
237
240
172
210
145
318
228
185
328
282
218
244
324
224
220
264
119
181
243
220
211
244
247
261
202
317
237
184
241
260
137
258
214
309
196
162
312
194
270
207
272
329
265
270
73
250
255
295
290
247
330
241
214
205
342
246
217
295
171
246
144
235
178
295
334
258
197
205
240
148
239
309
183
319
222
238
196
299
223
281
310
315
229
119
227
213
234
239
279
185
389
298
309
259
134
347
299
300
216
244
212
313
270
233
173
156
323
191
359
290
298
314
173
252
208
255
210
257
288
243
311
248
181
267
252
179
145
317
245
287
276
267
266
176
282
390
306
259
308
274
162
308
229
261
257
109
159
289
339
277
270
161
248
304
251
197
272
198
301
266
254
213
326
103
208
381
310
297
268
291
127
184
310
161
172
257
339
358
250
255
275
262
222
401
273
151
267
358
263
140
288
211
266
194
220
250
190
310
309
273
256
248
253
263
262
254
293
206
252
130
232
265
251
181
215
203
257
197
95
226
306
316
239
180
195
305
155
307
397
253
334
226
219
278
165
193
181
254
187
227
163
267
229
285
138
368
194
278
304
242
249
292
262
238
123
159
271
181
252
104
169
211
234
231
292
304
242
194
207
180
173
274
255
148
169
299
204
332
298
263
167
243
280
287
224
160
279
234
138
349
89
317
318
218
246
176
237
343
220
247
349
205
329
140
253
275
285
177
258
247
287
267
333
278
235
249
208
304
122
288
321
287
244
226
195
274
236
185
173
224
250
288
255
264
276
166
82
302
290
267
93
205
302
312
237
235
214
304
172
134
159
332
238
209
201
298
136
294
409
253
213
116
221
282
243
226
208
267
268
316
292
189
248
225
301
361
204
308
289
280
232
235
239
162
313
240
282
168
330
190
323
242
267
246
271
312
170
255
184
192
276
228
376
261
374
142
343
231
170
186
266
237
260
306
216
238
295
161
333
189
247
297
166
206
241
320
208
264
397
314
275
357
180
334
180
277
184
366
266
214
307
255
316
173
259
307
258
310
277
235
274
417
261
386
302
134
204
374
225
171
182
100
178
212
297
267
208
243
296
241
186
308
192
338
320
222
256
313
258
151
194
323
227
318
154
332
192
122
263
240
178
239
222
280
207
264
174
242
129
279
172
231
198
326
151
272
256
272
202
183
228
248
287
317
279
269
337
259
227
302
247
208
213
301
255
291
285
260
207
142
255
227
265
216
198
214
153
265
363
334
243
197
319
277
360
327
200
156
134
292
218
290
310
216
200
226
297
318
252
251
286
180
254
257
374
222
271
285
332
283
163
360
155
203
315
304
227
314
167
309
328
267
343
192
211
349
386
262
137
174
241
181
256
293
208
232
252
239
379
277
281
328
285
149
119
232
242
293
236
242
298
230
282
203
299
291
313
218
224
260
312
244
228
144
268
244
310
197
205
255
212
333
304
214
201
258
278
204
285
207
198
297
237
228
201
335
157
310
227
187
159
319
164
232
202
220
327
169
87
225
175
399
186
207
329
314
352
281
214
257
203
227
195
237
242
176
275
177
293
168
127
217
298
208
244
205
308
241
257
249
198
251
183
267
207
349
213
271
347
335
151
332
284
173
379
221
133
273
188
213
275
259
180
381
299
309
285
256
178
174
234
185
229
211
251
247
325
321
130
192
222
223
251
250
345
205
268
308
246
264
307
254
269
172
340
232
150
176
281
233
214
234
249
329
141
319
292
224
190
149
347
331
294
255
222
255
211
295
294
214
84
205
311
212
162
290
197
333
212
257
301
307
159
367
297
274
208
255
259
289
162
384
174
292
142
370
318
165
240
321
256
327
255
201
365
196
171
317
225
162
208
242
279
292
333
183
237
236
253
310
194
307
352
258
227
242
269
134
243
239
262
149
285
225
194
196
246
223
311
193
206
259
220
207
362
251
353
273
115
234
318
224
244
331
280
231
76
95
319
271
173
154
273
212
192
307
243
323
201
241
248
262
264
294
253
268
250
351
306
288
149
221
269
227
239
122
229
168
279
114
229
226
263
187
323
159
251
74
237
187
273
304
252
260
297
278
250
301
293
260
351
249
200
167
251
130
126
266
296
168
294
228
353
171
208
285
200
235
286
139
293
358
231
223
185
199
217
220
226
247
307
272
236
204
257
249
200
422
187
261
248
284
244
234
191
249
293
280
222
159
240
295
251
265
243
224
379
161
340
304
261
230
299
261
286
290
209
210
224
277
240
187
276
256
178
259
282
279
161
309
277
267
234
217
223
318
261
259
205
244
158
303
266
198
135
282
264
201
199
318
206
156
275
249
204
304
200
293
281
278
283
374
307
340
208
224
228
96
242
327
242
277
185
364
225
289
277
225
328
351
185
209
230
233
135
264
282
247
284
315
176
314
174
235
269
177
291
345
198
274
307
217
370
306
328
145
244
294
315
258
395
263
204
249
254
163
205
297
245
326
261
280
268
271
237
262
363
308
168
275
209
293
240
239
340
282
238
227
186
210
255
261
286
314
236
182
277
382
250
210
333
275
320
254
257
197
275
284
297
149
378
117
304
277
224
243
195
263
282
211
188
189
293
250
242
345
288
161
251
211
173
222
255
206
214
281
327
297
213
158
280
314
276
252
275
291
236
276
151
228
153
269
235
221
204
236
198
274
242
339
171
319
160
212
273
332
147
297
231
329
283
233
183
251
367
356
223
272
344
170
223
275
354
146
249
269
289
237
320
317
289
327
216
246
240
115
369
193
121
202
176
259
159
321
290
243
257
165
224
226
154
202
240
291
279
231
241
232
241
220
205
278
264
262
354
187
261
284
192
305
299
237
296
274
343
301
241
241
262
146
207
150
330
251
226
247
275
257
308
277
299
199
140
134
216
248
170
241
269
293
362
248
229
236
305
277
239
235
175
244
192
154
224
222
251
278
284
327
143
198
307
321
216
282
176
242
268
191
303
263
262
228
192
259
309
275
311
263
337
240
272
390
198
180
197
233
184
150
243
187
298
301
210
220
231
245
310
217
240
236
242
143
269
246
230
295
246
286
155
175
270
295
176
298
257
292
337
243
306
199
340
271
312
200
249
220
256
256
217
339
362
235
219
313
290
211
306
339
206
203
256
205
288
201
228
262
236
309
309
288
306
209
201
202
159
193
249
366
283
218
139
289
329
382
207
223
138
356
214
176
360
158
279
248
131
248
219
293
299
212
313
284
195
243
183
179
222
94
241
261
261
240
225
262
222
239
148
286
173
238
316
145
301
249
267
241
216
318
220
131
233
262
299
301
187
219
192
275
298
198
293
340
338
221
238
280
324
181
271
248
344
266
237
321
192
212
249
185
326
267
237
201
345
270
315
198
230
201
111
255
247
214
312
277
253
228
294
278
315
307
278
306
186
193
323
248
334
176
272
273
332
238
176
152
223
199
194
208
223
296
273
223
297
237
150
143
326
213
209
206
277
271
234
212
336
203
277
194
235
222
243
280
206
264
320
180
289
259
316
401
274
336
248
193
257
303
273
225
250
241
319
139
223
211
184
231
130
310
290
385
190
188
214
261
253
264
224
282
207
299
351
242
295
274
256
327
210
269
308
222
237
243
168
213
333
291
136
277
239
233
293
168
301
266
222
230
344
141
210
229
183
123
246
304
254
289
193
265
315
209
288
209
220
215
253
227
300
315
216
346
292
199
312
349
199
173
186
295
323
297
154
202
284
152
144
239
220
326
240
184
240
245
216
278
240
154
103
195
265
273
203
267
180
196
276
377
188
273
198
261
172
258
289
96
138
275
311
264
234
259
228
193
202
317
180
102
222
191
255
335
263
150
159
381
283
265
236
231
205
213
340
216
192
305
238
235
286
238
249
172
181
347
171
254
290
195
190
200
158
264
205
276
240
220
307
174
249
175
191
245
291
279
240
234
304
370
208
335
278
228
302
252
364
295
221
188
227
318
288
198
161
178
291
272
278
248
206
300
276
225
224
181
340
241
316
252
184
288
317
266
149
150
173
241
229
351
289
153
209
293
320
333
300
260
148
182
223
311
157
323
273
336
364
171
263
239
186
196
243
207
367
197
193
170
289
152
241
136
205
207
254
266
306
252
218
267
324
310
280
283
195
210
260
229
296
133
224
234
249
240
202
120
228
206
351
251
366
236
194
290
269
203
192
208
265
92
320
171
238
284
262
277
237
183
267
142
204
228
252
180
226
309
165
229
300
260
263
135
158
290
264
287
264
319
247
333
181
235
188
166
295
307
272
205
237
92
206
235
319
261
251
179
210
164
234
300
211
155
246
243
167
245
211
257
203
204
205
287
182
323
260
272
200
241
166
293
273
314
178
346
236
306
217
263
213
308
287
248
253
283
311
258
162
205
232
270
138
298
318
233
229
154
177
132
199
204
306
239
231
214
199
257
366
278
296
313
316
223
188
257
232
240
194
233
240
296
180
225
234
285
154
260
212
115
278
257
346
223
320
122
309
209
302
327
131
294
335
113
172
226
319
211
328
246
175
344
316
192
330
257
246
272
294
200
279
274
228
195
277
281
240
230
283
200
228
267
196
291
270
185
272
251
205
206
257
282
280
157
221
245
285
240
259
160
267
401
241
304
293
231
304
216
268
199
157
259
303
182
292
220
306
173
261
276
202
331
263
165
274
279
202
134
314
191
239
249
336
135
347
185
149
252
275
148
147
260
274
303
290
234
239
126
194
340
287
299
328
258
225
285
276
198
272
174
207
262
298
216
352
202
288
263
258
210
257
333
190
265
223
291
137
237
327
153
225
193
126
246
315
198
310
340
228
282
265
225
314
331
312
286
212
251
218
218
275
266
233
164
299
210
281
315
277
164
268
178
350
196
274
189
296
190
200
172
231
136
340
275
172
225
257
254
242
303
213
181
317
266
309
236
337
258
194
190
166
199
163
278
241
148
254
263
239
216
300
348
269
308
290
230
286
240
274
305
241
155
276
230
201
239
256
355
266
335
250
282
175
301
272
209
196
290
211
215
255
214
179
218
262
212
235
284
143
175
155
340
220
174
203
104
310
280
200
237
204
243
180
182
309
255
271
191
188
280
280
95
250
180
237
202
257
250
242
177
390
253
191
295
239
265
359
217
194
203
319
131
223
270
293
307
366
358
264
299
321
252
187
229
266
294
223
185
237
270
218
232
191
269
216
310
221
152
167
241
277
194
351
314
215
201
239
173
207
187
205
252
288
273
238
223
239
304
278
276
278
246
239
319
217
277
289
361
222
264
302
272
190
279
216
249
250
364
223
308
240
338
231
329
175
281
263
177
274
191
240
210
274
358
261
279
225
323
243
248
312
186
246
301
285
218
275
297
273
280
145
198
284
321
264
306
231
203
235
238
272
302
201
266
262
198
235
260
287
259
364
193
190
259
337
311
181
260
276
311
247
207
332
228
272
310
289
147
179
159
304
221
234
197
288
225
175
269
221
264
303
197
198
160
146
136
329
159
276
329
225
196
346
179
281
341
208
133
328
267
231
312
178
259
186
253
239
204
221
200
157
155
309
245
173
177
161
196
323
199
326
277
264
279
236
146
248
336
318
170
152
255
283
163
268
309
208
334
177
274
168
291
125
353
227
264
177
308
288
244
212
191
158
233
282
311
330
228
349
339
191
136
226
186
305
150
352
208
253
270
275
243
195
276
294
173
149
196
230
321
327
275
212
168
337
327
254
223
197
224
122
181
221
247
279
272
276
148
276
277
355
225
218
225
212
237
313
256
149
336
203
155
275
230
109
216
243
325
337
330
230
208
309
240
167
113
335
238
352
311
296
218
270
290
255
383
220
364
272
239
245
314
226
268
249
279
219
256
252
194
351
249
219
232
165
102
178
192
181
232
198
305
313
216
288
293
190
208
262
374
171
257
403
243
275
341
228
257
230
198
149
268
173
309
118
247
258
309
197
257
292
235
355
204
348
156
224
304
180
186
255
170
349
323
283
316
198
196
260
327
201
286
320
189
226
260
220
241
259
252
259
352
265
333
341
273
244
230
278
211
260
147
189
150
258
254
306
306
205
244
296
193
280
271
283
297
136
282
338
231
272
320
295
256
331
321
174
222
155
321
230
235
233
285
188
267
332
250
308
342
310
265
309
232
298
304
337
235
175
293
262
195
264
295
178
256
285
300
222
327
350
306
240
317
328
252
173
281
330
257
184
248
259
365
331
185
318
230
128
356
208
235
212
152
210
345
260
314
269
271
278
276
222
195
185
197
153
248
184
254
337
208
267
228
149
312
299
196
315
167
225
262
176
199
276
332
196
303
314
204
271
199
319
129
253
224
225
236
234
315
340
294
243
215
264
92
128
218
231
259
309
197
295
298
277
265
297
209
249
184
238
261
295
268
304
261
274
240
270
196
240
307
259
252
253
262
325
273
257
258
314
237
143
348
168
259
196
249
321
299
286
268
175
267
195
249
295
310
147
343
241
267
280
218
240
211
248
270
304
296
367
168
290
335
244
296
302
220
156
265
308
279
288
136
232
195
295
293
221
210
255
120
343
266
358
349
343
300
258
285
238
251
356
250
264
188
272
140
210
275
261
370
175
196
187
301
330
150
184
417
194
189
129
235
286
227
176
248
231
271
201
271
214
303
247
316
228
229
154
330
266
279
149
198
291
203
193
189
273
265
172
249
244
307
198
300
229
272
305
317
226
219
160
273
329
249
233
170
230
116
325
285
236
273
199
196
231
236
284
299
141
231
284
168
270
249
169
156
291
309
291
222
111
366
180
347
324
246
207
247
270
262
151
265
273
230
136
228
249
224
272
267
308
141
251
219
265
238
223
209
157
183
216
254
256
172
262
234
151
183
313
167
113
179
299
335
287
269
249
214
198
184
297
311
268
209
195
294
291
306
288
354
404
292
188
322
207
290
188
186
250
262
156
280
266
346
249
287
272
375
202
138
316
261
238
224
203
216
259
272
169
302
288
269
191
220
270
109
209
348
197
309
182
244
230
200
265
320
204
228
220
263
231
281
312
256
268
216
187
294
204
244
288
180
239
147
237
233
234
147
136
239
177
259
314
210
306
172
236
311
270
215
319
288
224
241
251
294
238
258
278
323
204
217
282
270
286
155
306
201
139
279
275
275
167
356
265
301
259
278
153
322
294
194
218
233
242
160
175
190
294
326
309
303
269
209
177
258
133
171
143
236
205
331
275
254
194
268
335
345
226
328
293
243
317
194
240
107
235
195
338
180
236
299
83
168
338
219
299
266
266
154
187
293
213
159
157
240
259
165
187
352
388
195
275
269
221
152
279
325
303
223
194
95
328
251
311
320
261
321
234
267
332
184
345
300
166
242
275
352
264
317
342
262
215
194
143
241
190
216
257
277
327
209
305
155
353
235
227
294
228
143
274
239
245
237
288
296
330
225
244
292
216
255
347
273
288
165
133
273
330
161
345
166
87
265
273
221
225
189
286
268
257
253
152
229
285
343
299
176
250
225
252
236
292
276
327
250
124
307
210
272
294
280
199
233
320
243
246
352
301
159
330
302
310
198
239
339
176
249
234
236
272
174
211
349
246
233
324
345
249
305
288
297
306
194
321
128
360
90
176
245
205
231
279
218
269
283
174
245
278
173
276
308
280
290
299
243
231
225
264
353
323
299
249
263
237
149
206
225
217
306
286
257
232
273
288
271
282
209
246
246
229
316
308
228
197
229
203
330
282
212
258
277
293
378
308
252
238
321
184
287
182
245
217
289
383
253
282
236
239
293
295
203
248
229
183
260
276
123
195
324
189
336
205
172
186
182
236
271
335
151
175
274
326
211
132
362
284
257
277
179
165
214
242
335
206
135
233
157
325
271
307
297
274
253
205
267
145
218
158
335
170
175
321
254
192
308
164
209
241
221
246
287
301
208
259
120
258
286
291
209
241
235
213
284
218
146
284
262
187
186
280
328
259
233
360
142
196
218
192
348
205
227
228
261
216
222
198
232
237
281
192
149
278
145
166
209
229
203
318
154
299
365
247
162
72
226
316
229
253
321
309
294
223
194
346
241
256
350
241
176
271
181
234
227
178
191
283
369
297
207
224
298
193
206
255
223
154
199
187
269
148
148
205
241
276
259
277
201
217
180
150
371
197
167
278
166
289
186
258
256
248
257
171
339
245
212
211
243
209
216
258
193
283
258
133
343
242
294
249
161
187
131
229
117
292
297
223
295
214
281
238
278
255
268
239
287
293
244
274
294
293
194
312
266
172
298
298
226
146
296
202
267
360
227
288
329
366
116
243
144
271
217
257
181
210
258
188
228
235
246
285
285
288
182
206
198
200
286
371
240
280
285
328
210
363
183
236
324
263
268
255
178
183
307
328
260
130
277
286
340
306
252
297
216
210
234
316
215
258
320
283
330
211
227
177
300
314
324
186
291
213
296
264
241
192
214
293
199
274
330
320
281
230
331
222
290
362
224
320
316
363
179
280
315
189
282
260
337
220
289
324
293
236
208
253
293
128
301
266
163
243
294
262
315
333
282
189
239
335
283
279
238
386
189
284
368
279
345
257
270
235
375
258
298
279
183
227
301
160
245
210
249
203
179
177
255
231
276
223
272
195
252
274
206
288
180
281
159
221
247
302
298
285
257
245
311
152
179
172
256
279
202
296
251
127
295
293
301
218
324
186
173
200
251
241
261
192
282
181
352
221
184
238
159
340
363
279
146
105
230
172
195
226
266
237
186
167
363
193
255
156
176
225
233
264
280
205
257
75
242
215
194
179
241
207
232
134
210
297
319
214
239
246
149
227
307
258
204
249
194
196
202
220
299
300
284
251
345
257
337
252
189
257
236
340
265
290
274
275
316
195
362
223
274
326
229
171
119
283
246
177
252
269
278
238
247
241
163
322
216
233
246
298
307
204
257
283
221
220
183
216
220
209
231
180
251
218
370
315
303
289
222
262
205
331
209
232
351
132
260
253
264
234
203
327
204
303
209
204
201
267
330
194
312
251
223
201
141
332
189
213
237
239
277
282
140
296
144
314
267
272
183
242
272
271
320
241
196
333
249
301
335
328
189
266
142
245
272
333
299
221
254
304
215
285
201
320
185
333
225
375
340
337
293
328
246
162
289
178
153
264
303
171
329
140
234
287
217
212
245
186
309
208
121
328
303
259
288
262
247
212
268
295
200
201
298
202
255
268
230
232
174
273
349
248
338
223
352
202
234
221
296
246
106
283
264
268
346
247
187
169
348
149
256
218
149
199
168
168
256
210
258
191
269
233
193
304
240
255
299
250
214
252
238
195
274
242
279
311
353
214
206
273
228
334
232
303
300
165
105
369
225
276
277
212
235
298
351
248
180
284
141
266
209
170
260
297
248
295
238
271
221
299
136
302
317
193
232
145
277
135
285
290
168
325
337
270
97
309
198
108
145
342
273
113
272
282
326
202
237
234
248
174
244
245
222
271
239
191
170
253
228
286
251
291
212
236
162
291
239
307
233
159
88
271
172
201
219
320
289
275
277
291
185
129
282
304
276
244
304
291
285
199
166
204
285
201
198
283
315
275
285
373
263
205
173
285
326
281
291
318
238
346
240
184
152
323
296
224
215
367
219
260
250
218
266
172
269
177
166
237
240
283
263
174
293
225
330
200
356
272
149
254
334
349
158
295
114
286
279
229
244
282
211
230
210
245
374
361
310
250
207
257
257
136
296
251
172
324
364
235
191
143
240
207
328
283
242
218
284
273
255
198
232
320
269
114
154
290
171
139
222
196
245
218
236
234
162
225
230
196
315
217
288
208
312
234
120
230
301
232
273
223
241
217
291
352
161
301
183
360
269
332
133
158
235
258
336
232
197
294
222
184
207
183
254
297
264
162
297
247
252
308
234
237
247
170
198
356
274
237
362
306
218
266
143
273
368
182
333
206
228
228
271
128
270
241
229
287
237
324
189
303
266
236
282
289
132
187
175
201
231
237
224
325
263
177
150
205
235
108
229
241
296
184
264
327
98
242
250
94
183
223
299
212
374
336
256
190
243
366
126
383
257
233
292
195
158
364
341
221
388
271
247
181
179
235
160
172
188
164
296
288
266
264
351
237
298
286
328
278
338
246
220
175
142
154
234
194
193
190
201
143
236
227
258
382
258
224
299
206
261
163
247
198
219
342
210
280
300
249
168
179
230
223
260
250
283
369
258
224
323
284
155
271
213
163
114
279
235
259
300
314
220
359
353
153
285
206
203
244
262
210
206
226
227
292
232
319
245
165
323
181
196
263
192
379
299
354
293
308
163
320
285
260
254
142
244
257
324
321
233
257
336
248
247
236
288
197
250
251
235
337
278
240
278
87
273
255
247
138
249
261
192
223
275
303
180
209
269
296
181
255
312
200
259
259
239
287
192
222
324
230
313
240
133
285
303
278
227
218
401
303
286
212
246
231
232
221
190
338
328
226
212
260
139
294
249
294
195
289
278
307
270
285
356
232
225
372
279
246
273
161
282
245
303
150
323
209
290
248
221
294
347
235
316
146
262
209
335
239
301
298
299
340
225
214
288
152
170
221
312
270
184
219
233
319
214
275
239
123
218
302
116
229
228
239
269
303
234
183
159
166
233
220
231
316
250
330
243
299
184
270
216
322
301
269
333
221
198
271
216
278
200
306
184
207
303
308
306
309
276
265
312
164
213
323
214
196
201
213
293
272
110
361
346
215
274
260
205
294
303
203
206
267
221
293
233
198
298
136
187
142
283
322
233
272
307
310
134
199
169
170
223
230
224
209
301
211
265
267
106
283
103
190
283
298
137
115
138
174
314
247
149
294
335
266
246
362
280
268
310
377
277
282
324
180
240
254
179
223
290
211
108
309
161
249
146
166
228
235
177
282
281
186
234
273
295
273
286
235
367
213
296
210
244
294
248
296
236
299
194
234
204
188
253
250
196
158
256
180
171
237
232
328
313
267
393
310
308
302
284
297
254
275
216
211
187
326
307
213
249
334
164
239
135
235
276
262
279
180
265
246
237
317
300
247
235
370
267
244
156
319
221
291
359
278
236
214
313
242
183
230
275
212
244
289
197
163
226
265
259
264
236
292
205
148
312
232
166
266
265
214
224
197
280
290
194
252
227
242
226
203
259
344
388
283
221
245
364
387
317
221
254
296
235
206
236
268
223
236
294
208
310
280
357
298
200
237
270
292
268
74
262
267
314
272
243
200
267
214
258
230
220
207
246
241
213
300
146
237
274
325
277
305
204
217
332
341
189
322
222
202
298
346
318
348
241
249
155
192
244
108
166
324
184
242
260
340
148
88
314
220
269
274
239
158
163
209
369
239
207
250
285
246
336
345
256
290
225
184
367
274
185
356
206
276
216
224
297
222
121
177
273
297
217
309
287
190
208
269
226
133
345
261
111
245
219
165
236
162
250
192
182
250
244
174
241
230
170
219
293
383
250
271
304
226
207
243
269
218
266
277
