339988
350617
357832
335342
344320
330648
339271
327096
337489
348452
344926
338113
331053
337737
356478
340166
327864
334412
329953
345458
336629
339963
344869
350733
347281
323904
330632
321241
348327
330979
332208
317699
347338
350303
343503
339890
334264
351291
334144
337658
332887
344320
357430
348455
359574
346969
346065
330407
337612
334790
342790
346901
333747
323617
332546
322075
349489
348395
344056
349448
352935
345220
310068
352001
336962
329347
345624
343755
333873
345439
332886
343027
332720
355907
326756
339543
325720
367810
318933
353123
342823
357129
330505
346825
342743
361529
350535
320140
345344
348570
341931
338968
337589
321498
358317
322225
357437
339797
334032
332430
314932
337068
348725
327605
347103
350365
340679
330102
319224
317330
300924
351831
327840
332340
352774
340397
329604
337618
340192
348425
339394
332635
336009
348700
343058
343329
352215
330046
337765
335071
339603
324517
336855
352303
336625
342097
332323
340328
341822
346367
356327
328204
341274
338593
344362
336941
332622
342853
335702
363314
347343
332562
343008
341347
331323
348522
331244
342172
356344
326901
355095
339292
351897
318406
338903
338212
339360
347223
333148
340504
325158
345921
345557
343082
359101
343981
333377
337547
338285
343125
334832
339957
315877
335444
343924
353158
338946
358417
334747
337818
315066
343817
348397
333734
335116
351987
339816
327965
342635
321889
328509
350231
324572
340204
358215
346113
351700
344315
345893
367150
360354
319446
332875
335544
336302
338838
333260
336744
354378
339301
348743
336522
326675
344993
338696
341364
328977
328077
350194
339583
336193
335862
340687
324102
342022
357579
334274
346100
358470
336385
327950
334616
318111
317767
337201
340782
340515
358816
341815
337747
345633
351989
347174
323369
336236
343227
329325
352118
350283
345745
348737
334090
325979
357494
350918
339614
333566
351435
344910
335314
322296
342547
336952
330802
347161
356751
338197
343809
338160
348737
357730
350835
341923
346281
332173
316046
340371
343359
329236
333454
330977
334970
354864
341911
328864
326017
333807
356652
337568
337143
323303
344028
323168
326453
347455
337665
346887
339168
345219
336021
357699
346458
322161
347694
347680
364658
328489
341026
343464
341807
345657
348064
351481
348281
357774
336330
329697
317106
334387
328330
344102
319145
335958
337085
341060
347566
333331
345787
345830
325054
345369
336001
348733
358403
334129
338249
340502
309456
324864
337447
341466
341473
346791
328944
335356
343040
338138
336196
349388
334467
325911
331806
322330
354538
344157
339193
351848
363249
336485
338496
337923
332009
343940
360955
336542
337428
311089
336465
352850
347110
353124
351817
342618
344886
320216
312396
350585
335309
351719
332507
362609
346613
342520
348630
340209
370811
328193
335716
347082
347941
354830
323372
339312
353780
339962
348324
343860
334657
336496
350229
342487
331369
306038
332445
337600
346424
343086
345135
314575
337419
340527
314451
350763
343721
340766
357601
342564
351279
359457
340378
322112
334285
345536
319471
346252
343621
354577
337865
319761
326906
339908
350926
330215
343844
324172
335614
334076
334710
338123
341180
355112
348145
328005
315611
329955
337768
330122
329995
348939
332007
328105
340605
324223
318713
333891
339332
333318
328358
347660
346358
319394
331148
325314
343609
361040
337423
327535
317264
328885
334635
348140
353440
355907
347958
329542
343543
335936
352647
338163
356057
350691
341128
344100
335476
341009
351667
343581
342909
337361
354595
350661
336562
325888
351278
328895
341279
326556
338743
347936
352514
336400
328127
343890
350374
348589
340280
322757
356136
323108
316755
337262
360502
336630
330255
324474
356274
341541
353279
333895
326084
330084
326801
342217
340594
332651
346806
343469
328900
335886
345011
347188
329183
315626
337007
337009
340078
325670
364668
350031
333460
319217
333963
341861
339543
338600
347224
344469
358814
342617
335853
338540
321365
358175
357128
338481
342684
319591
321529
335184
336655
336634
348790
324301
343898
344225
329257
333604
328451
330610
341871
367153
340656
349017
349743
352615
349602
347838
331185
357148
343439
352426
328117
366764
373180
350246
347126
333461
334986
331452
341812
353117
343786
334952
347562
345780
342661
336215
332541
361748
341824
349440
348919
338027
333576
342669
328445
355443
361623
346777
333669
342633
324222
336525
359965
327626
338573
332991
323375
345358
350681
325651
335339
351906
346604
347349
331908
318648
356397
368720
332150
328153
341647
342191
346627
336635
322366
332480
362158
343268
327194
337445
332383
347966
328969
342767
361635
350619
351165
323148
344922
310886
338362
333555
343829
317424
320146
341619
318029
336109
335264
316811
326708
330730
333516
312112
363566
344515
353268
335771
349290
329787
348362
338157
351870
325509
340153
321225
337543
338429
325521
342434
345159
342279
335826
344859
366170
356859
340102
350217
331324
343488
319710
316917
346379
353980
347147
335102
343564
324716
356287
328692
329869
342887
331268
329497
350794
340747
336915
345841
367089
344868
356055
340954
331278
339678
334977
341352
334998
343050
342519
337271
340175
315855
348179
358027
333786
339788
336214
348795
320518
369831
352342
345793
336543
322551
346617
326918
369258
351604
346969
356085
375768
350026
342083
366178
360217
324265
350734
325864
340889
337147
344006
353251
337946
326593
331600
334806
341923
343586
325853
336349
320026
335647
363936
349462
327420
327184
352541
351343
326485
343021
322011
350145
351042
350000
368047
328758
355702
342525
342127
351216
355737
356518
356896
349633
352236
350653
324976
327921
348758
348637
343435
339341
332071
352991
377993
350208
348986
320344
329255
340789
349956
334544
340284
340141
345328
337814
347335
313915
350658
343004
326956
351759
345360
341883
336273
335980
332169
349715
335293
318038
342978
345775
347769
348877
339559
336076
339587
332465
334114
350261
331772
316078
330996
330405
350148
340262
306097
348715
349416
331476
347480
355351
326496
317243
340514
325390
332778
330906
351107
314969
329501
333017
338075
347215
317009
336862
344293
323926
342263
354281
311193
351151
349290
343213
341639
342452
366938
345344
360175
343648
343261
350536
338920
356563
338547
328914
331889
345453
353493
323867
338247
333653
327451
329282
333598
329666
335873
345220
333319
349891
337206
345404
346513
338636
338190
334799
334286
329471
347650
347491
330011
354241
341958
351753
326556
329034
348423
337207
333252
317142
334301
331807
348349
363158
341412
337989
347440
338199
336635
345746
354890
333339
338802
331720
352046
344619
336258
323388
343853
313485
326198
356441
341547
341550
329924
350225
350749
361714
348531
343905
335078
341018
315259
364079
348179
338761
323217
318103
333539
325104
344012
351810
343724
312605
340242
333644
332738
330058
357809
355567
346598
320112
356341
345264
311858
331703
333267
344265
325521
337103
341601
355931
351432
355379
348167
352106
341933
332320
359158
357136
324315
358822
365974
365311
343843
347161
357484
352063
334650
319314
357917
332566
335732
351677
332632
352134
344963
346603
334549
333516
345361
346773
333592
332633
343913
334113
335623
346668
358887
347577
344193
323623
357629
342271
356869
354572
347286
325929
335870
350433
335222
312534
327362
352380
322944
325374
321483
341056
318774
355520
344192
339846
327551
346532
320508
336622
338565
336867
348928
319556
337923
335461
331747
356536
333585
336898
334413
349516
340919
332253
319367
332496
333684
352245
340381
333159
323203
342452
330428
351729
331562
338814
329426
341674
354863
341408
345025
331222
344333
329512
330191
333414
340468
352541
327865
332610
329130
327731
341400
350053
323119
353484
337507
357233
347236
315318
368538
326416
319713
342146
325116
341721
338821
321713
334065
344624
358082
335239
317905
344512
326883
324333
330693
342975
341095
347481
354115
342255
358134
346593
338065
339427
345356
332972
340354
324119
355577
343698
346389
343282
347254
337968
347726
334875
320663
335016
335113
330407
355092
340258
339630
335366
335699
361904
333884
362974
345690
351344
342261
327817
348752
337393
340730
357025
334836
336620
329235
354673
344457
335243
348412
339585
319252
361732
378271
335307
329729
310087
342189
334901
323508
344075
338005
326874
341957
349944
334705
334015
348793
358405
339668
334521
323486
334113
353547
332543
327166
339315
321294
357111
333665
349680
356921
323501
357798
333999
345685
335518
334352
344718
352014
333091
337219
348991
329443
356434
339367
336015
364518
346605
366200
317428
347870
354719
343639
345671
363209
325234
323821
331542
321441
335628
345658
335895
351980
351045
331911
350679
350398
354242
358047
340700
332179
339516
334030
338180
347611
329778
349954
338497
334795
333944
343575
332932
348311
353233
364521
341285
354829
351468
332157
321866
344599
346639
342773
318807
360179
346918
352153
319355
333349
335312
332290
346894
347164
329887
330939
326044
321053
334672
337212
334653
340679
351635
347308
343926
328729
337606
335659
334928
334463
358337
335882
346292
338411
326858
338575
340061
327453
340422
349531
336359
329964
329316
337883
347562
331742
346695
340884
342937
322661
326110
331403
328059
342850
335758
338468
336929
331132
347342
344329
328656
347612
367508
332677
337767
349103
331574
335191
354036
320907
330226
339671
330484
341239
349756
359219
367687
351655
335009
316181
336633
338674
340312
322374
331728
327284
327698
358084
332510
352528
355312
329040
331875
348195
345599
328768
348101
356535
364753
325767
347780
313882
338581
361318
318431
321447
359133
325970
354533
337570
341969
338216
332153
342489
328602
346549
365202
326678
323750
336406
348624
337399
344680
344160
342107
343777
336586
343522
338859
357067
349205
331352
329549
352388
340497
313669
353119
329503
343806
333220
350146
349145
340532
310037
332664
334593
341722
342970
328196
335421
348677
359081
361856
347409
346123
323145
323010
336307
352974
341812
352056
344954
331637
345637
341598
336929
340819
321788
338123
335609
337308
336999
333007
348625
343914
348960
328849
322695
324424
327554
334048
356331
316281
337694
315203
344441
307762
341047
351083
332590
346497
330837
345985
337170
336304
342770
351524
342091
343044
357296
339771
343857
332169
329812
328738
330067
318701
342763
333508
348014
327105
353297
328526
346455
337868
345731
344142
358111
329114
350041
339555
349211
341310
326971
332890
346699
337418
336344
340270
347847
341120
341451
314151
337619
338188
338250
382696
339129
345003
348209
351524
348757
344412
334376
340442
342883
342132
354321
346445
364545
316543
359029
329127
353188
341745
327749
350416
345324
359485
351441
354406
353405
340042
344587
351451
343380
352195
325346
335853
335610
352303
353775
348652
341069
311854
340306
346882
332719
338900
355500
345355
332170
324477
339034
326742
353238
335292
341886
339118
356625
316724
344902
317674
348230
346511
335841
333238
356707
322069
338052
335021
328311
325730
338571
334863
353396
352270
332506
354238
328994
337802
347283
376372
327261
322390
341028
334914
325303
312051
355292
335908
327918
340778
329949
346850
338725
344135
337716
351318
349161
348472
336129
344985
326116
339758
345555
328716
333706
353402
355221
342218
350522
355550
338112
342851
334337
313107
358741
336112
340408
331462
342984
339970
333276
354657
350919
343836
357279
310935
341769
337257
341988
341817
355554
330780
347835
334852
361924
338613
328210
357846
338865
335739
353095
325160
332460
338750
338864
344393
343184
352160
312921
349418
342687
354775
343494
363342
350173
332597
333754
341225
347884
350222
326384
325051
317253
331461
350342
343887
327967
333348
329614
339889
328739
328276
338029
343097
333389
334964
329004
340774
340645
342736
353854
344678
329986
339465
334561
320910
339031
344954
305463
343256
343616
339748
328639
335349
345767
328641
331257
338395
361736
347058
328760
350725
341727
340900
341836
337302
354408
354853
338474
354648
332386
326211
331748
337133
342346
369429
346629
341738
331346
353231
331969
348336
320387
344881
328562
368314
318157
348769
330687
353239
361410
329326
333253
331182
325763
342653
340044
363436
351380
318120
321234
324630
328597
364110
336905
345147
357677
356273
328558
346680
341002
339501
364397
356541
334409
343674
323588
333628
327423
348789
350033
319552
335169
326538
328678
343665
335613
358890
325002
335107
359907
351261
331387
359391
354462
345290
353949
343778
332333
345950
344094
332869
346520
339985
341503
352290
329108
354459
327229
345385
354285
335871
338387
353269
353452
348077
339733
346075
346183
340921
334961
340246
336380
328577
333368
351105
342872
325424
357123
312361
340246
332327
358526
334477
331947
373218
347620
349832
355217
345943
347965
325618
320876
348584
352272
315079
331215
327458
354541
325829
343500
341985
355412
349026
349406
344138
338195
333465
344907
331951
336466
344832
338731
335971
346830
343385
334680
347657
345283
360554
354399
356977
342219
354418
343114
338803
346248
329760
357609
332421
312202
357970
344242
336850
335766
339024
330165
344904
344713
341540
366449
345561
347675
355143
341007
330003
336535
338991
332505
349429
328713
345449
335775
348874
335224
330365
336443
327223
337840
349731
336924
338766
312937
342803
347982
328066
334986
329796
338307
336369
344451
321881
339690
330730
329531
335217
341473
317760
346193
348076
364111
368151
353404
367620
342725
331588
353529
335437
341370
335337
344924
343327
351297
344539
338616
331597
348270
340642
318539
350057
342471
347389
345154
331717
321493
355772
339480
336120
341729
338050
348228
346841
339336
341171
335154
340784
321963
357079
323471
347031
339526
333194
344533
347290
332948
329803
317191
342326
337359
349722
336837
348739
343317
323668
347441
332974
353410
324262
336711
331821
342080
342114
343918
334484
374586
326243
360342
330292
332427
321362
344511
347191
336338
336403
361858
336409
346969
331417
342680
346669
328054
329289
345814
337628
352587
335846
342817
339059
350583
341159
328271
348752
340705
339419
347747
338439
351245
337281
360583
342275
314049
342163
337240
347061
359767
324853
348609
352806
324020
354967
342682
315321
352024
337994
335216
341452
337075
345407
314599
336407
356041
349356
347153
331715
352392
352116
347886
324082
329764
360886
335191
347340
346187
333457
342105
329476
348300
323298
334854
346817
339792
331180
339648
363787
364017
349910
350659
330937
338830
323170
339896
338494
339458
340485
325249
333993
360622
355926
354653
331220
340405
324373
318702
337280
329918
335368
346946
326755
345092
344197
342897
334677
332465
343973
336902
335521
348481
333919
331621
331655
362182
343531
354469
349811
344575
343651
337321
350363
348580
329713
335633
326100
354381
335379
340547
343810
333234
334935
345936
372095
358031
339783
341488
335277
379189
326631
318467
337936
350366
331882
334261
347951
338074
341651
357314
354428
339119
330780
354291
342840
339282
329877
333783
344493
344354
338786
359589
312778
335227
362928
344360
332961
367435
356472
344973
327452
352866
328496
336152
335674
327142
356186
339264
342670
338608
351634
349334
345080
332310
346558
327543
332668
320837
364273
341499
349657
348850
356022
330494
342314
332123
325588
340682
339204
352149
345964
343191
347421
356834
331818
332111
342575
345489
347198
362359
338859
353677
330650
332375
344467
348553
324274
351157
353594
330700
354040
336200
327826
334999
332708
332856
350389
339231
345014
365069
329699
354968
341377
357492
329197
312882
343440
341825
329015
327446
337369
316692
344673
335997
359913
339373
352630
314744
333451
320769
353376
340621
341767
343230
359112
333924
353493
355703
333978
316958
326894
331182
339396
331272
363214
356441
336571
342093
355267
355260
338508
340153
355562
320375
345897
333164
348235
330690
333033
333442
329102
351401
346466
333812
326316
325154
329149
351771
317753
363497
357104
329497
324510
337461
337533
358455
340725
335792
351733
344248
337887
337914
354827
335941
353726
340828
351179
370049
356115
324315
327543
347349
331663
332496
341158
333129
361282
349092
333216
309864
346334
339214
335205
336603
346702
354019
319613
342565
315555
335672
341799
306691
343724
347756
320821
348534
347790
322859
333822
350864
319217
329088
341652
328236
333756
347730
321866
339682
353281
332280
349983
332864
350509
346913
337629
336565
320778
347836
329236
333714
345813
320330
337466
358807
361044
338255
347632
345124
315247
342535
342808
341406
342454
341237
347274
331736
333527
345314
330774
357042
337890
336841
337267
351937
327445
333859
328508
329219
343273
316096
348720
349197
339098
323169
344925
326479
324574
339808
339625
338396
356088
349560
349379
354739
324818
342991
339750
344000
350683
332277
361856
357691
338064
351070
322761
339157
333626
337827
334478
335253
350383
325058
333882
354601
347229
352183
334663
331241
354858
349713
336419
355763
355033
347172
332776
332499
342179
345443
341247
334015
316889
339372
341289
365260
351714
344094
345273
346248
332526
348881
319595
335027
367059
340679
320212
329499
345123
338063
338768
339609
321874
331305
359749
332702
333384
330737
335572
324589
350520
335448
349902
329784
340154
353877
345351
333982
326724
348759
338184
320238
333490
349135
344140
311319
323664
332520
342182
347401
335314
340575
354261
339881
358430
348064
350786
326802
327722
338761
340862
347412
327702
357797
338464
346024
325358
355352
336929
348624
328510
349534
351524
345733
335947
356339
329607
356847
356864
324314
348363
346982
344591
337094
319575
344566
347556
352952
344050
342131
327331
330785
330147
331322
340261
337706
354718
332694
333474
352062
351844
342105
345407
332275
345289
321430
320990
357872
342385
347343
334232
356584
330565
336943
329683
331989
352499
332478
349141
338062
325201
337378
346763
338228
326664
336957
326797
333639
325977
349418
343806
332293
344908
340772
348589
342828
334013
321571
349158
345476
355366
341417
346802
343720
316800
361651
340342
336801
346206
328170
347801
351796
330832
327261
327488
342065
349208
354878
360081
327045
340478
341711
327108
357702
316081
341932
339357
353435
315671
308706
338649
359610
338263
330280
333724
352975
345770
373976
332328
333674
339198
321957
348292
347585
326661
320060
332819
363723
318598
357114
358840
352193
373154
332235
355989
357470
336150
336259
348317
345148
332794
353782
338441
348801
352512
343495
347560
342466
335288
335554
330618
334898
329796
354497
350663
352120
322105
350475
345880
359559
328519
346589
346939
345354
350692
345237
341034
335174
349757
320626
351231
354174
364447
336199
347965
342500
326296
346079
341920
354954
321057
333631
339543
342975
342135
340066
341694
344827
335069
346857
337448
339573
337908
341631
348076
341413
343295
311099
345588
333214
365477
352150
334903
345940
334061
351805
326057
331652
348098
350468
337018
332751
328324
340127
352249
345441
339829
336208
330439
337272
335627
343886
345448
331462
320530
328453
341164
358241
323114
353395
345200
342245
352958
330173
331325
313245
314230
347939
345046
339873
350371
355211
317843
320807
329160
330737
335759
350295
331056
360026
351860
357457
357902
348246
337064
338554
329453
346924
329584
324887
338669
342641
336520
334417
346180
331279
353321
338020
342409
334799
331638
348280
328669
344113
349990
349950
336958
359244
340147
315799
346530
325232
335758
328607
379423
343264
344187
343667
319019
331882
341433
330108
347021
340886
337334
331631
363614
344955
340756
358626
362363
355068
345865
342048
351092
341694
329865
340931
342830
332265
322814
342544
330821
322566
336602
326119
342154
345811
351520
327887
322266
351542
347460
342303
337686
336631
350912
327542
335297
342861
329669
336259
331469
358293
325357
344508
323912
333009
338330
325195
330356
315158
325440
348381
329002
349438
330632
335437
342375
338623
340485
333771
330872
336197
341517
342844
339174
324438
351280
328970
353247
331561
340178
334456
338557
327949
343275
330489
347687
329619
352227
357027
359643
342796
351368
337644
348652
344704
334687
345245
347512
331306
331837
336408
355955
331162
340842
339739
338969
339836
347150
326997
308941
350051
325171
337126
323233
335393
339241
338817
341321
348439
323005
346522
315888
313542
344906
366589
330620
323143
347143
355325
345146
344667
335963
353039
369778
334401
339244
353595
338408
339569
353108
354714
338452
359916
348897
339704
336410
327037
328095
355099
344694
345846
340583
344966
375410
347497
340457
347041
334899
333511
344675
332731
350151
322402
342353
347721
335930
317158
352928
331256
318631
335353
344191
346716
339880
335726
347936
350021
330876
355637
352974
325433
343025
327543
337615
331424
340884
335307
333446
338619
342085
338185
353969
334144
328117
328731
358827
353400
324752
344150
330140
355916
358917
351370
331481
343326
360171
354195
335216
344299
334169
341936
352209
339026
346479
352296
363633
326746
323227
343236
339579
334295
342821
332528
331290
333489
367389
337255
330345
330492
336828
349226
343773
342772
324974
339387
327082
332982
342707
346371
345707
352834
343364
325266
322302
342699
318995
344696
341730
338735
350049
342684
353310
349383
342189
344352
351153
349792
346375
339547
335429
346329
342907
353188
338511
314281
354448
346877
316261
342029
342503
360197
330479
313437
356409
341628
320485
325598
345950
338537
339470
334763
334303
337630
316810
341082
359080
352732
349568
353010
340460
345476
352953
341980
332212
334874
333395
320309
347461
330846
348143
329675
330265
348886
326237
340075
334044
330677
336641
345038
349147
339139
324526
348092
346041
347983
347184
345419
332389
318931
359615
344536
349016
327722
335092
359754
340878
336381
341356
338409
326542
338087
352345
351785
340226
339186
328439
344629
343652
316375
316170
344584
325552
336424
328785
331638
337057
310290
342233
321032
329657
335744
341616
342120
342035
317462
341562
358654
335115
338649
342130
342574
349007
350663
335987
332535
334670
332515
343757
319025
346197
339808
331640
352368
327962
327770
343857
344624
343927
333911
333245
341346
325966
357097
321649
339479
325282
329713
336427
321731
333938
347939
339130
367353
328270
330871
356830
347447
344196
329378
326329
332070
324159
332321
357941
345184
344801
333527
330962
343494
326232
346602
332285
340226
335674
339156
344853
351999
339462
338955
347056
336867
345520
344281
344886
340828
341312
338395
348432
357655
339977
338008
347500
329743
354461
343458
346288
328553
338394
339789
338050
336298
347606
323621
338957
337708
332890
342488
335147
353501
333927
327257
349061
317645
335720
339249
343539
338183
347715
331263
351353
339202
350005
344719
351717
337807
321111
360501
334899
348812
320547
353788
341409
346444
335082
355191
357678
345928
357349
354191
335319
324987
349748
329906
327193
343377
342764
338637
326846
340088
336422
331101
333317
356728
355842
343504
347148
329595
329279
323040
356124
327656
358304
345722
345371
352040
332767
325084
332642
334010
332255
337476
336776
344276
361814
357030
339604
345530
335579
335600
310879
363839
340463
332445
348504
330427
337607
306371
336688
351405
333085
347010
324566
316753
347253
339542
358526
349595
343018
344543
346253
344791
345166
332984
334918
367613
332622
345693
322583
371542
349680
325356
355690
327337
358345
323154
322076
343218
328071
347526
348244
346456
344132
343490
327583
343828
335962
318343
340750
336408
335601
375249
359857
343843
325620
347896
345284
352229
331323
333489
347481
349833
354067
336474
362377
336004
342348
333988
338435
357067
335144
341674
350522
338835
339712
338397
335068
359928
359994
353287
344079
350527
330422
335151
315835
330440
340276
325942
338296
349165
345804
341182
325236
327346
358243
332828
341012
346668
344603
343724
341466
348286
339242
323953
338827
338659
334570
325703
333050
348321
358310
345121
342465
359663
315274
345284
332782
321185
356336
346622
338937
319058
329866
342810
349152
335329
337804
346285
338809
347559
346146
343491
352113
340449
362977
351643
342266
350847
340337
351921
336380
344690
355080
345632
353913
339414
341512
337015
328170
352501
345284
351798
329761
340226
353930
356292
351132
355182
335846
342765
362886
327048
338180
335832
326378
347483
348574
348167
336861
355965
333909
334543
322026
332806
330488
359887
337041
336887
330804
337956
362962
341144
327825
341955
326969
328135
366933
335760
351698
323510
350464
316994
340786
348204
346751
357954
347723
332734
333516
347475
337507
345764
355186
349521
348973
335769
323379
327910
338328
350663
348998
329943
324277
327500
331207
347822
362666
350795
324471
322604
348720
339160
352165
356043
353765
347931
322736
335420
347099
333353
299721
336147
329727
341770
332100
346071
331224
340291
359005
333738
328359
328126
347406
346175
340017
327784
350805
335520
356717
328683
341719
351686
335466
337605
355300
340593
326709
348530
329524
340906
336627
341314
341813
351917
372352
333398
329883
339055
334945
352187
339759
323603
328854
348409
321270
338785
336647
362906
337901
322789
324080
353826
338034
341336
330368
341648
337157
333621
340959
345599
329142
345742
353259
350952
338460
352266
342352
347781
336510
338385
339333
347187
321095
342956
347207
343217
349475
323056
350457
358208
339111
365994
353027
346411
339575
332632
339349
330462
343247
338994
344613
355535
303414
333558
350587
315956
351219
358693
345039
341029
350072
333532
348186
353391
342052
335542
344429
337780
333810
346783
328208
329817
350858
332664
346551
323455
338705
332345
356573
329257
327591
337929
327556
326653
342590
342551
335563
357706
352631
359613
346140
328310
360567
336977
355765
332153
337996
328103
341580
349710
328978
352720
325610
347016
325209
339162
315495
339962
328114
352578
347248
354073
362299
309471
346612
330978
349977
355189
329612
331890
334770
359310
359214
326083
356364
352838
339716
336983
363478
332579
331980
338806
333622
333533
349077
325956
338140
342325
347847
344329
338361
330199
342791
354459
337994
331068
332821
333349
321142
355596
347835
327791
335327
335698
349357
328844
366131
343846
335224
343695
305861
367229
345334
353940
347916
340750
310346
331760
325539
341590
344607
316064
333388
346180
351550
338665
337112
332784
335445
343672
340714
341684
353051
319239
331721
353106
335898
351050
334760
339930
332995
367530
334937
338668
341741
347696
342679
348592
347175
345745
334390
349760
343125
323211
344825
335379
334853
345064
340813
360661
352732
336691
358300
328066
338147
325107
353805
351896
360436
342482
339854
352507
357828
339542
346242
351357
355361
337159
325523
353738
341850
338627
355585
333556
343569
362959
333881
367652
354889
350314
344668
354552
358914
328610
347348
332921
339348
353099
339885
322631
340966
338429
347594
331935
346852
334201
342215
355707
347400
359190
340164
352720
351517
345779
350556
347514
327078
332481
325411
326075
333723
348480
344986
366590
355028
350079
348699
333743
344548
346536
326032
341919
358985
336604
333400
326884
343406
328196
341026
357892
337036
345788
349747
335781
343624
314914
345598
337884
316289
369781
316820
336066
347033
341569
352821
362593
357217
342185
329815
323210
349246
333102
345941
320787
342279
343723
340624
339905
335989
318464
364556
332438
364994
335141
361241
336974
337069
358808
351553
328512
345313
334381
361519
340277
335123
323929
345089
322855
326796
333516
342202
349669
337415
353811
349566
355732
349795
320669
347290
365429
316306
340444
342422
361169
349527
359391
347692
353515
347669
345799
350447
357536
341822
344329
359392
330459
352348
331343
343892
326303
330014
321670
327295
349647
347203
346190
349327
337117
339930
357950
353089
344639
343316
330600
351482
327146
350067
348135
327960
338667
359938
348805
347777
340707
339794
342289
336729
330233
347473
328229
317995
325087
332277
353374
340801
341862
334027
346870
332547
340782
347557
330963
348138
329151
342603
348043
320225
340766
339582
350085
328048
333894
317282
344818
339599
353026
335439
347034
344346
353139
324622
334666
344937
342938
347877
330775
334050
342244
347166
335789
338971
318198
346600
340719
355590
342918
339660
331472
336604
320330
356562
359644
334024
337853
325841
333286
324245
342897
342724
343381
342723
341902
324396
348775
352014
346728
341359
347709
356850
370302
359025
338179
326324
348750
335694
350136
337294
350255
350090
345512
335439
334182
339962
338291
341802
355481
359079
339435
334255
341527
347026
350598
329222
322196
352445
331285
321730
305961
335500
338266
334173
361980
334423
352433
360361
340955
357714
336293
363341
346903
315409
316633
345115
330838
328662
321166
337341
355452
359335
349838
366173
333641
339279
337159
332418
339648
339501
320573
323581
349257
323324
342672
356785
321337
329384
349693
336144
334287
336307
337045
354148
357748
357323
340760
323007
329300
339344
339647
340828
354029
327089
332927
344381
341422
326069
361510
319181
311848
340045
344449
347979
349613
349675
339365
335762
354693
354936
350363
352146
349518
350488
346114
377629
337279
328184
335083
332126
335823
334343
365348
333676
336510
332013
342169
338033
342253
363341
322484
316139
310562
338363
329006
362764
331420
327921
347052
317782
320268
338788
335637
326536
337369
331952
339282
308418
325665
318661
336041
336502
335629
330335
349837
324513
340225
339772
356658
332547
321202
350678
354714
323381
331532
336018
344417
339510
344952
346469
337891
329191
356395
332170
323856
337256
342795
338069
348338
345277
336182
349210
341078
324207
344760
322090
330834
343162
347296
338406
336461
339516
346344
339348
337575
354433
330189
362204
342703
353219
342377
343684
341380
356103
343527
338723
323035
334873
333786
317430
340780
355996
330083
339901
330355
344212
319807
349457
357707
323528
337002
348779
358175
351223
317091
321399
324942
333308
335892
329784
333597
350319
338359
339374
344984
331150
345405
330189
337173
346112
342687
336299
346777
343020
331053
325384
323300
334797
336187
345633
334032
357504
367265
325121
333531
311932
345704
342154
344383
344017
342901
316532
326473
358456
334354
350461
327049
317147
322724
314456
333187
335950
343530
358098
352051
319949
340912
348003
351644
342887
342998
339412
323922
349645
322003
342483
314544
335144
343744
353701
354206
336017
339395
324847
345583
326028
337992
317124
310677
313794
338725
352913
352707
333825
347072
333406
364521
325403
351358
319164
329396
323714
325420
324930
354914
340310
339113
345630
337186
345757
340895
360355
342947
338230
307225
348111
326165
339587
358500
335455
336693
329818
336302
326437
331868
328958
359535
336641
335001
338235
348362
342270
323377
322532
346621
338962
324914
331983
352944
351788
341232
357079
348915
330663
317934
349745
354072
332378
325695
325494
324289
334336
347242
335915
342554
350157
342564
356651
357694
321983
358170
339049
321117
330630
340957
338750
347540
340536
332792
369726
337901
326211
344469
342308
346380
350550
316958
365575
364154
357736
328929
349120
336279
338905
352061
351100
340632
334140
347533
345602
327949
331878
344090
350373
341836
348446
336868
326331
335444
343715
332394
321092
349173
340696
334484
312907
346760
340982
340190
352482
343348
329989
338907
351827
344491
357668
333922
354808
332965
329991
366701
357204
340272
344691
345669
332263
329805
326357
318222
337273
357802
335608
334036
364668
343060
356104
345744
330211
303140
366640
350937
337164
329554
349200
324170
337421
313751
336276
336047
347606
342663
323423
332962
340927
340924
338543
322417
335887
339854
347506
335054
326713
322788
354514
334281
338223
344547
330677
330726
328907
331951
360444
323448
353143
348158
310561
343717
328803
350313
347666
348594
350540
335442
329091
328078
331000
326313
339868
351094
334337
351442
338789
335459
352408
330658
338583
326571
346674
324192
340824
334475
321023
320396
349016
332171
331865
331127
338531
328028
327355
327533
317633
364762
350982
331787
357875
347505
341511
351650
335862
325979
358347
347867
299918
330476
337103
324302
353243
348635
338412
336298
353056
356047
348156
326199
339591
324733
330590
314989
327595
312103
346869
344256
334681
361706
332800
340273
323900
360974
313074
356278
345143
342159
320204
343052
337607
360741
335901
348925
342862
350547
348056
334874
333501
330734
330604
336692
331393
324867
345635
340337
350450
351590
329741
351102
327199
333425
338849
339545
331500
340255
338043
337809
357382
336872
348660
325156
345155
360275
345943
333815
345115
333206
355824
323293
322641
362297
325694
337900
347202
337331
345955
349896
364270
334072
328029
357713
309744
335389
337989
351110
351431
344631
319037
348404
335472
347703
349582
336013
349683
345115
344302
339331
334865
341455
340750
334642
338595
326488
349479
355784
333731
354569
348107
336230
349477
324603
343462
337421
323847
339004
354903
327732
355398
328983
317810
337302
367353
343828
327446
342442
335685
349430
363942
341822
341594
321573
323900
353884
333223
377948
334565
349232
348119
343571
335928
340207
337802
337328
351889
330183
354026
337778
340427
344876
323212
330191
334880
340755
333049
352345
341460
323713
350778
342933
357307
338872
315477
318536
347229
365416
345033
357852
324256
351081
369431
343711
339567
350819
341263
338699
346959
326532
325720
334356
324638
324669
344696
331921
343954
340953
348572
344603
346933
316866
317261
339103
334311
333688
323757
350470
335166
333322
339248
348913
338663
346413
337607
344588
352237
317671
319657
322939
337189
360407
358375
336428
344362
368399
353869
326207
328489
342837
349038
356044
327470
340285
331097
348525
321860
339186
353261
333453
348105
332743
327771
342186
324162
353462
343182
347165
323524
327340
350546
333841
356732
331794
333825
329342
354997
327244
321239
338096
347004
352042
346814
331574
313738
347472
324320
326038
343181
354203
332418
346620
346698
342655
325489
341486
338685
355099
351197
360992
343710
339554
341066
326827
328675
347158
331510
328385
325735
335866
349816
334664
341692
328055
362816
328525
326519
329844
346088
319914
313105
336958
331020
333882
323963
340085
344212
320371
334104
349972
368435
335025
349455
337551
351214
353466
356147
332222
361612
343033
327178
341797
351152
315961
342540
332356
325552
335134
358285
319810
341588
369529
346847
344354
340738
343179
344739
308389
329121
377606
347673
321240
335164
367712
326373
350872
335873
347154
348835
346157
351495
317169
351156
325891
334846
340893
333812
347434
321051
337121
354285
338250
343609
342572
338042
351835
327494
334084
346708
362499
340831
367370
343297
335565
334328
340831
335694
345705
326675
327958
336618
327275
338946
333705
343710
333200
344812
347809
329803
341834
353347
338763
308940
331284
341961
341183
355694
360676
337708
346870
356123
339278
332820
347332
327076
339872
339133
320533
344230
356083
323642
336594
328598
336496
348401
355205
331827
322654
345307
344335
353380
352275
330978
329804
334813
333004
360220
356214
328020
335738
340169
328122
326609
333136
341389
334277
352578
346509
321644
327944
339169
320034
364768
346753
327038
329529
324772
332976
326616
350201
332533
351581
340088
327122
329867
346183
319019
341580
344816
327755
350179
341385
358262
341034
324605
332849
335071
347398
332655
344656
338274
320765
328704
329794
325089
340483
353939
352101
329483
344868
339430
340472
366500
342097
324177
333156
353873
340795
330232
335600
338105
354657
359085
341022
329990
320717
337247
347251
331596
318948
343479
334268
325416
362993
341322
328953
336049
318861
336308
354097
362003
349309
347354
364847
311133
356710
334260
329079
339719
350652
342423
334169
350206
341996
335567
332263
353101
332455
346008
342698
349549
343171
338121
343949
343248
337362
321507
342026
328258
322785
324965
341559
356914
326622
343649
329618
317562
350828
331151
347854
336680
338129
334816
348489
343445
323367
341961
326473
348334
350873
346714
343538
341213
360151
338864
340510
329399
336482
355105
348083
361034
336363
350874
351128
335300
347140
340865
349568
347872
350273
333534
332198
338921
349290
332719
337041
337109
332567
353768
360076
350926
349429
337970
333623
356542
354494
344545
369550
340523
344313
330168
331406
336852
331026
336900
353054
348600
349319
352665
341145
322450
363611
325633
353848
318182
335860
352953
345614
351898
338324
326622
348588
340963
363318
346567
349842
336624
328415
352970
334910
329864
338330
342344
339258
329445
345465
333997
329162
324751
332416
329271
318136
338480
343361
337458
316178
356022
362997
336508
318348
334580
332376
356905
337436
322310
353473
323354
344710
339032
326808
348194
330124
337283
337664
343055
336018
321540
333516
340517
349056
310842
339795
365220
341905
333544
322819
346032
357776
342664
344354
357873
341632
353853
342892
340407
333361
349404
328200
315702
340971
333705
347829
345320
340488
322940
328846
320531
358996
321107
354271
329175
325472
342741
354962
340679
335265
345617
345360
320833
356183
341755
333142
321142
347335
341095
325394
363140
333756
358205
351947
350859
343263
366012
346556
344012
343915
343670
326215
337528
326938
365549
338142
321049
355669
327335
334911
337257
349032
328350
348693
354955
334960
340742
326618
316862
346006
355655
348386
348432
351798
332500
339438
332625
356171
342517
356049
357352
353851
334512
356143
351673
338716
334998
352165
320882
326428
339401
352500
337543
343960
362720
320829
351990
334924
343351
334924
322966
346733
338690
362557
322584
345066
325240
333520
325220
365107
349302
338120
337478
337832
332571
332150
328715
339325
366834
327554
315157
330503
342380
338608
308239
345298
336765
350617
346369
329561
347406
325890
345168
359620
330585
343793
344532
340457
348747
342863
338089
335107
347134
371756
323726
330786
343657
359413
344748
340875
358501
346804
338093
343870
366830
357686
346597
377026
343988
339642
363638
314513
324714
332166
337403
344192
352095
326499
352866
323825
357086
352294
331479
338926
317379
331551
321795
343588
335613
321128
332727
335157
335505
340227
336044
327483
371585
344085
330862
343014
342196
340834
349650
364634
346366
344715
322950
337511
335138
353258
320299
344850
346258
351585
329605
342964
358443
331258
335075
342533
329118
360999
343811
327649
340519
340783
362720
331421
331629
346546
347289
353362
313318
339478
345407
322853
327553
339781
336799
356815
332016
352546
340756
361662
344687
331144
333892
338304
319361
330116
344803
345986
331053
330224
346846
350071
330252
332479
340708
336938
352506
343635
334476
331361
351859
352810
342611
351630
350854
334356
342446
330028
334312
335172
328457
340556
358390
329093
336728
338019
327814
371481
363626
336056
335830
333105
344610
333098
314267
343593
348816
337425
353032
351326
343498
351921
349889
355026
350017
342604
339745
335208
331528
338025
364294
353536
333412
346143
332543
333078
340378
335226
338576
339508
345428
332851
357849
344224
350896
345515
342443
342930
344274
331980
339645
366361
320304
337886
333399
358837
349021
335877
336546
346715
323834
336896
328191
359224
330111
313956
334813
325229
343620
352689
339395
322991
341516
332978
339774
347279
329909
350080
340241
357770
331523
335268
336488
343387
334941
357668
323590
338862
316321
340531
357448
328999
342586
329881
356108
342549
334526
346037
336046
339663
344891
360525
353066
343870
360456
322613
332023
350962
339673
344408
326858
332846
332255
339130
356213
344997
338729
340358
331352
343792
336308
320328
345608
346749
327685
345839
355762
335893
336248
325780
339541
347560
336586
337355
343556
332387
346870
362003
323448
331317
343386
349802
355312
348783
333604
327404
336863
354347
317174
336764
324574
326448
331599
348755
340885
355589
344610
333223
350203
331019
337952
338468
346953
324260
314135
361789
332914
342753
339250
346636
339169
348175
344390
346936
346751
344698
335558
331341
338601
352183
346993
328991
331050
305014
361285
342169
321912
332451
341904
348093
338095
340370
320784
344886
328492
329869
337514
338937
344949
328671
315951
333373
353604
346753
352693
324413
332328
319418
340878
331840
310710
335402
356428
353731
336497
341643
337177
353398
353937
352476
332978
315560
334552
321848
336164
352607
329371
329561
339254
322906
338196
346441
342492
336188
347416
314874
322185
341633
361370
350305
352228
323352
349693
350096
348948
335504
333447
316406
352660
332286
351857
354970
347902
323390
323517
343855
349341
326390
321001
322031
340300
351431
325862
341824
328745
352391
348211
362795
319913
342067
346558
315769
350798
331701
343911
328875
318819
321014
339588
345265
333092
335293
347654
320968
343961
350231
333551
335197
352846
343898
330921
340019
322801
307439
327963
336961
351730
328427
345395
356216
344684
346398
354527
342361
334353
347280
326776
322155
329764
349286
354922
319485
351416
348074
345738
326329
323866
326754
321988
328456
360502
321806
329614
357677
331799
344926
350191
350091
343004
319096
336890
337919
356617
359102
333271
340360
333266
337275
323418
354600
337350
355039
343135
340232
337855
352233
358322
326024
324238
335848
339867
337038
357034
348250
353192
347086
341414
349967
334153
322118
327907
340368
338195
350865
340024
325977
330358
344551
328410
354692
322792
329501
353996
332156
343833
354948
343318
339461
349175
339643
349004
339730
350115
331334
338342
339112
327033
363882
329626
354855
343150
342919
327464
306484
334117
329942
319476
337642
340995
367875
349265
328435
334997
338833
339508
348796
351701
338470
325417
338176
327698
354505
324095
326514
336446
337894
352328
339742
320054
347459
347634
329108
311780
337226
334190
345174
361396
365947
320641
351065
329387
332490
357584
356153
319987
335804
334321
341679
346628
344037
362466
330803
330419
343237
347631
345380
358712
336793
331854
334842
325881
360106
329829
335205
339433
342152
323592
344396
337757
343033
342631
335392
345536
349461
343345
344726
327225
337537
331466
347311
351072
333108
344739
344768
334140
360158
349015
343856
338151
332389
338450
338869
338650
358043
324669
345672
345870
350649
334046
332102
317115
342703
333455
336585
329432
337679
334518
324386
329244
330030
335338
339507
331239
319793
351261
345593
343375
332542
345515
330371
355993
319550
335918
345351
338934
339385
350594
335220
344136
325113
327206
331508
356116
335425
352914
354956
334467
312942
337526
319991
338339
339406
349398
330156
361374
320433
346188
326027
337676
337502
328039
353172
348519
347112
322645
345649
329842
355255
336152
361065
345973
340674
344248
343796
345787
340912
348792
359373
342714
342657
342923
359798
326377
328404
329392
340341
332561
317862
331289
355432
362863
345967
333408
342270
339857
350609
334143
345292
331201
356728
351986
328311
348260
339982
326051
347825
340161
330475
352082
354870
339597
361455
330018
328180
330166
335299
348054
345398
332460
326842
337432
321570
329015
340040
335838
330698
346374
329874
334958
325613
330209
341178
340250
335114
338354
337733
345384
322517
304088
348018
341536
368874
347401
336306
337614
337315
353546
323171
363267
327903
342025
337564
350055
356963
337622
361140
341956
343411
330293
338481
336270
348099
329128
330327
336685
344543
342094
321713
341029
326557
358855
323421
358789
345086
358953
343817
324310
315916
333952
320898
309936
341595
353653
328463
340911
338171
338756
348441
356923
348898
324528
340496
345710
346489
361184
342132
323643
362775
350687
329700
330689
328945
325625
328237
337705
342624
339458
346194
354676
347654
345053
335216
330909
333737
355661
349829
337546
340983
327560
333035
331875
363331
318015
344584
338182
347934
366468
343077
336330
334157
357275
324793
340971
342768
345553
351381
345476
342920
349955
330247
331695
325149
351935
321936
336842
322982
341478
322506
330661
325922
334845
348065
328472
340101
360038
353331
334117
370052
343411
338303
349412
333675
336138
333053
339272
346910
326735
336973
336493
370501
355338
347481
343963
354537
329337
354810
318750
320171
358196
333255
330813
335330
346612
331360
331611
343340
359609
331611
350132
345641
340506
343151
338199
349513
347407
329116
312897
333625
336465
343434
350374
333313
350398
337242
345522
340445
346740
343010
352874
337925
320671
316149
343845
337143
345486
338429
353622
339933
345240
346601
327715
364456
351943
336579
331568
331679
350043
350882
331665
331431
332392
332540
340175
347511
317852
314177
342777
326255
332685
341541
337093
343648
347523
312816
326865
358207
326474
336128
331375
332277
338146
349984
336326
333610
344214
327259
352102
341847
338459
351054
330832
323976
327421
348854
358373
344433
363457
331357
356550
356292
353539
346531
340052
335741
344855
351231
352764
345595
346020
358343
328851
347741
351041
352778
339631
347087
315473
350250
339169
350390
327374
323133
361971
337734
345105
337937
348377
352025
349468
341144
345085
337809
348540
339863
338367
345806
329341
330442
334922
340104
355880
352704
342456
343095
349548
308893
322120
332434
340825
354675
322566
359557
347612
343055
329371
335665
354738
327162
331750
327621
340639
345157
326954
329605
351578
328721
320242
341386
340659
332559
320042
360031
346138
333797
350239
355355
339144
337915
349781
334784
325472
344530
339427
333694
350206
351865
346492
321786
340542
335271
339631
326043
340297
348371
333101
355491
355061
329109
332745
338773
328212
354319
347722
337503
344649
358478
352853
331569
352718
332562
333846
340307
327887
333346
344867
344963
321961
346161
366561
367406
335289
352563
331265
330252
325111
351392
332689
338475
333033
323848
335957
346593
344600
343081
335204
342406
337212
332690
337791
337697
362112
335681
340162
349948
358354
350141
338089
342820
335922
340282
354960
349768
328655
366633
343935
327950
346650
322481
326376
359702
354839
316190
325999
347846
347482
337451
335521
346790
334773
366248
348377
328381
339143
352442
323648
338116
350626
331141
341516
336767
336311
326530
334634
348213
338755
339886
356988
331275
334144
326315
332031
348755
347690
341855
353709
355432
336491
335768
351519
340862
333694
337909
328435
345450
341807
343812
341629
336785
337917
345648
339545
333322
322118
336940
325131
358766
325000
361995
349189
362349
337443
341142
333383
356046
350457
342425
322162
329461
334081
338166
344968
323043
342124
352328
349060
339433
335839
337913
342729
349703
339250
338286
340415
349164
346042
335053
331361
348034
341184
346395
362133
350041
353977
341474
335081
352832
337158
328100
339836
339561
333154
354067
348768
330928
346128
359676
334004
327908
350044
325121
350502
340137
354502
351488
348000
339500
327582
333606
341418
342917
312640
334633
346719
321640
340896
344702
340273
327645
314126
343086
336490
362684
338122
343980
332094
351144
344996
331364
339287
336459
341503
344549
330935
350123
359550
312839
334119
321795
331654
344125
335536
356087
320593
335164
320645
339893
355590
349291
341645
341340
348586
330543
324955
346019
317665
351966
323663
354061
345969
343142
331553
322093
324813
320680
340238
335781
356820
334615
337109
348572
353248
343316
330030
324026
335114
342530
333490
337515
338955
327663
329353
333416
352688
345736
314404
339034
354564
327035
338730
338588
337513
335808
339319
338624
342764
336001
349508
360290
317641
339520
337520
349828
347458
321470
326274
328416
309977
347628
368653
360515
354133
324717
325233
353031
348395
346345
348242
347668
331357
346882
319533
334040
324304
351879
328359
332428
350720
335022
353339
322446
338169
340706
341930
332503
331873
332348
352522
341428
339366
345651
332690
347696
333148
341693
312274
343499
344201
322062
332306
335071
370164
354220
346675
342120
350277
322775
350430
337151
346478
333973
339001
331480
352863
333444
358011
348108
359060
345871
345623
346561
354869
346967
342436
341192
329278
345957
348431
350874
334023
336599
335324
331808
338394
327582
334912
349869
331019
329674
347747
346763
337427
335133
344450
331931
348918
345947
340000
326116
345929
328109
331100
337982
331306
356173
322377
340703
335665
347034
325027
345768
338403
345941
345851
339385
344215
328349
344361
331922
350904
356706
355034
340062
335680
336794
341185
355960
344167
356387
320271
356087
333116
321977
341953
339151
359522
342778
326003
327572
345981
344155
352498
346188
345135
325486
351865
335586
344982
342362
322311
342686
340712
354528
332771
342480
340364
344734
325591
342064
345791
360458
331108
337336
323309
312562
357178
342335
334156
349530
333669
336255
330374
346521
318420
314487
337077
326377
358658
326087
327564
329934
318452
356795
308981
336725
335829
335753
328127
351227
336304
343919
338505
354790
345534
344528
335902
313834
344960
327509
337885
324111
347010
351561
361237
339431
331620
335124
339951
355146
343855
333982
312681
345043
335155
340584
341870
341128
324807
355449
330344
325235
345451
348016
338619
342946
324092
349757
352976
339653
337373
328808
344080
338572
364861
344734
350896
331583
325693
330587
345852
356222
318753
343040
337632
343783
360075
335771
326982
346948
338728
324180
334479
348070
352494
356553
311991
343608
325025
333681
334275
334693
336319
316065
346199
338553
363614
347263
345030
323470
346297
354363
345170
328963
337225
308951
362374
355818
343165
353884
346597
347956
340618
334484
331139
324730
346109
323318
358293
332142
365295
323604
330806
350475
331458
335133
333444
350791
319294
357835
358975
329654
358005
342692
358337
336209
321912
360488
353714
342353
339677
333898
333134
340821
355826
343892
344569
339553
323042
338417
315906
355206
368882
347554
330751
347323
343398
339929
318449
345540
357731
336721
321742
312537
346784
365512
327815
322772
347817
325991
344833
326151
336212
346845
355782
349547
337627
335794
327793
346923
342934
344581
350250
358420
310625
329420
327406
357265
324919
340539
355144
321998
334115
346148
355425
318887
368612
326854
355349
338709
347403
358683
356027
339955
336647
336736
349755
362744
336664
338231
339945
347428
350227
333230
305339
344217
329214
345211
349317
315128
341220
340629
339384
344224
349635
367284
346094
333870
345572
326157
348813
349720
347316
342697
330922
364112
350818
347167
371171
351740
349893
327522
353151
321084
325110
336751
362460
359186
355535
330789
365189
322651
331448
363642
342382
311471
325459
325193
333908
338851
321647
329752
348117
358022
354714
327865
346276
343274
338587
335173
332402
339108
350190
322372
350029
339621
313741
341489
331896
327870
352423
339551
337851
337567
357139
325354
315530
327632
342286
342053
342319
341504
375139
342147
324887
324963
357151
333494
346918
339529
352663
331212
355683
335286
334050
351519
343805
342309
353318
349154
343659
350308
343233
322206
330700
356128
343489
337116
341516
324435
346929
307287
333242
338380
344615
347884
349364
353230
341740
334713
341215
344861
357642
323614
340997
316459
339839
340454
356084
321727
328022
331743
321102
346410
335090
328942
351423
326066
333676
344191
340279
356641
339858
341193
341417
341607
338912
332777
322540
323490
345324
334401
353860
351672
335171
351410
364278
341356
330542
344099
326496
337144
325140
354905
346694
342466
331225
336508
339871
343758
327431
337140
314463
347695
343030
332680
347050
355156
325340
321227
359774
343948
342126
345736
330263
320198
338759
326300
332782
331376
352637
315449
335203
334907
338687
339288
317915
348389
343326
321063
339036
319627
342998
345829
347022
343212
334102
336479
323039
347729
343775
322248
317650
333092
331526
328173
343817
337973
336388
329720
323141
349772
329695
356976
340218
326834
340281
323914
341023
336543
349922
342992
329249
357337
319550
339175
343250
345573
349108
343096
326516
342162
329271
336818
329841
333422
330007
333128
350837
333475
361933
348289
339223
348981
347461
340446
352551
333450
354454
321728
341839
346327
347698
329750
358372
342988
327227
338889
340090
354329
334553
346303
336849
359398
346663
329568
345341
339121
333211
354998
331243
343322
340621
344267
339211
318037
333047
357957
363403
354849
334791
344182
328413
353641
314639
342688
316349
323166
342139
339561
331083
338563
350257
346377
351641
353092
352722
331515
339227
338561
340988
356295
331265
326110
343292
333244
364404
331226
337393
348371
328718
329380
352562
334657
351327
359294
328196
334183
346538
344362
338530
345185
340926
348177
360972
330828
329484
322652
334589
331786
339596
331315
353172
324847
343570
361300
336141
329736
339465
368429
339145
337369
332933
339364
350565
352760
344516
332488
341943
327036
338662
353784
351293
345112
346055
349355
330270
337230
362100
338711
333385
339096
375781
335500
369810
341489
335672
343957
344491
329455
330863
333146
333082
332879
347308
330560
346647
343725
334926
361897
325223
338581
346935
338903
343459
352656
331702
336942
336956
328287
367861
341324
326953
337616
325947
337194
331332
333277
344889
338663
336016
332012
305629
340616
372258
345648
339136
333447
321638
338265
340359
364155
325998
354316
339858
338342
348934
350245
328384
346119
334296
323573
331802
340364
343899
340107
333108
349708
321326
355003
350687
318514
337099
348618
331781
324361
344562
349677
333612
338196
344744
342434
346723
341350
329102
324163
339982
338335
340523
346312
345766
328437
342627
339358
313902
352890
325287
355808
340918
338676
350769
333658
355705
345173
351100
352097
344304
317135
333487
355149
332730
339008
320970
338754
332486
366075
350237
357519
339436
327558
352299
333786
333221
342985
355873
323112
354076
340542
340558
340363
344998
341218
331838
351091
335057
339765
313119
326409
337792
348681
319038
357195
348083
339188
349618
336732
359736
355341
359445
346648
325879
332730
329942
338606
334481
321339
353859
351874
337744
335939
327121
333446
333936
336204
335759
334172
376217
347658
328273
324143
352600
341353
328970
322252
362497
334027
338056
333835
343666
357642
336930
358168
348786
352781
331853
336117
366993
348504
325655
351095
331973
328827
300339
346512
333451
354212
339580
332126
347256
326634
351960
316049
338686
352824
333761
352117
320926
335593
363496
331465
347941
323119
336513
328163
356401
333076
345387
338982
319504
327886
335803
342448
347639
357535
315866
336359
348693
347028
346187
351195
328860
340093
334291
345590
331299
338850
330461
363555
345051
354100
342630
314402
335625
328442
320845
353752
332735
355402
345646
341623
332113
336735
347886
317920
322788
354323
348120
353852
325965
335842
311112
344036
318778
337392
330703
336417
339038
353097
315771
347424
337983
331888
341217
328539
317977
343743
333394
339663
342869
353430
339146
348119
345507
342527
346536
327547
321376
343926
356932
337634
341487
336015
316879
348142
334168
332360
336331
352937
326142
344133
340574
342862
333947
346773
343391
340692
337510
341084
330846
338474
345553
339110
330835
325299
341191
331313
324770
338786
340584
343933
347362
346865
303995
356594
344896
350595
323274
339928
356196
343488
347536
342483
348219
339788
355147
325961
330022
343599
337632
348512
336036
319928
324825
347882
325974
367939
310186
351342
334501
336610
355563
342183
318755
352331
343564
341319
341410
340843
339921
338954
348933
328879
306279
340655
333721
348135
326781
357053
363758
336426
347197
326676
363705
342628
349193
318124
336272
315320
356157
315576
336068
335475
349983
331344
320110
345373
344364
350977
355331
328586
356259
349641
326895
344476
339572
331925
365735
324695
345582
341233
346837
330294
330711
334956
365903
357067
351582
350430
348473
336649
336164
332360
343655
353062
358676
341131
346789
332124
337497
342282
345082
333208
342752
339781
349024
342821
334108
332346
345410
335657
349967
344579
345090
343862
330264
341364
347764
341885
339710
339271
335014
337505
334742
321109
354956
351207
356413
343670
333372
343681
338911
360178
354420
331861
342832
330833
337628
357904
325257
347878
348198
343040
320412
342494
343575
337677
338593
335651
355165
366599
355855
331179
342803
342021
343130
338589
335882
341249
339316
332060
351892
374904
336828
359579
334484
343411
339718
347562
325213
341982
326995
342378
347101
343498
332776
350059
348580
332783
343705
332916
351440
353818
343197
354972
346585
339599
364588
336528
319624
341967
341116
332743
358304
335768
330293
325995
351067
322903
326532
329422
337074
349081
333665
341679
357631
331834
322124
337692
357992
321135
335761
327057
347030
338455
327850
327452
325641
337810
324887
343931
344320
330854
331556
362125
344675
341706
347558
303654
318293
341563
348896
338660
327960
367208
344403
320963
333514
349514
343653
329608
333608
330069
354548
352684
326192
350265
328287
326886
338524
348006
333818
336728
340320
323709
341576
340393
341895
342621
344458
339737
329505
345774
327302
333091
340995
342874
334197
350155
342551
349542
336417
349415
346919
352141
333190
334618
338746
347088
337847
329726
349026
346686
335986
334957
344668
337183
344238
342745
336146
344194
337053
346044
354198
347540
354586
353162
315345
342505
338613
337192
357213
352277
342456
322251
335640
354641
349763
351395
346052
325288
325368
360739
344983
341573
341261
357181
363825
369885
328379
330690
351902
356537
341655
342385
330980
340504
338691
344326
325307
345432
358850
320113
329306
342104
335643
324991
338370
336409
346476
317345
338853
352327
326591
351438
327703
331548
351233
334224
354494
343815
343540
350278
323250
329325
319909
351204
343669
336153
350115
331563
348362
327771
319657
349280
332108
341080
329909
350317
368604
350425
341876
326995
321254
332083
345816
324298
339680
352123
329751
327700
317952
336048
347118
352117
345416
356399
300769
340099
338661
313094
340184
345283
340291
333190
353013
360533
345055
326870
332775
333428
331687
349181
332481
329095
347196
348696
334578
332164
344365
366021
342096
332589
356357
343438
349892
367618
335714
349289
341748
344049
324926
332800
321148
332876
334793
342519
350434
337909
330605
325878
363414
326859
340941
342138
341121
332699
317290
330979
338840
361167
325844
342133
313152
308781
327974
334256
341640
348727
341468
339154
342073
334986
333232
358089
341122
339079
328366
349087
342577
331608
328154
339279
335848
337294
335629
325223
326858
327671
348585
332334
330958
357694
320151
350249
344336
327430
350242
339002
325182
348024
358170
347424
329041
356541
327066
359185
349726
332030
326544
334688
336388
331317
372279
336775
346573
344554
318517
330296
346964
362632
321054
341067
335104
334439
344032
354993
314825
329098
349174
338337
349670
314921
340416
333073
338412
353223
329443
322563
347077
338421
330252
348144
329798
346868
351192
347054
338501
322381
336110
347776
347210
349393
357804
325473
343695
347487
330870
346296
351932
352626
321552
353649
351656
348359
326853
342978
336955
324825
337379
341697
327697
359645
346157
327587
334621
333808
362702
345998
332430
340922
345701
344634
338840
359212
331807
336096
347124
344983
353745
339480
341237
334777
356503
356766
343660
342617
326066
347264
353868
348918
323735
336908
335464
348760
331544
337690
346880
322141
353548
348961
341879
353267
344316
356450
348438
352878
333160
357029
356670
364490
342025
347453
353486
322611
338416
354923
336143
341474
322608
348956
351851
354785
328534
352238
346095
349867
343783
322351
356129
344695
323069
345244
358471
326031
331409
328032
328567
345999
322542
349466
332433
343190
332927
344811
340362
321279
345552
370732
313973
317272
351484
359339
338204
341166
357468
340806
337442
364467
350316
334820
355107
349414
330827
321482
343968
333899
345265
348939
341366
350183
342631
336404
337975
342830
340149
305629
335543
348720
344556
333910
315553
341573
331239
352355
348012
330496
332042
334417
337443
354695
345982
327998
337638
353615
327524
325201
348407
340214
350798
324007
329054
342609
344750
329866
341124
326684
330471
319752
333351
350966
321313
345571
339933
343533
341552
341150
329093
370674
342121
338495
325924
329648
350539
335684
340857
329870
348433
340697
348015
338345
343774
325866
330932
315346
324608
340264
341037
356161
359745
331222
343394
325329
335262
327218
331364
338536
348565
348408
360384
336774
348815
348476
355436
340732
330870
337380
335746
350866
354740
331234
316618
348954
332297
334399
321923
328337
353239
327486
334506
335056
341531
323902
355204
340091
333410
340448
327732
328664
355530
350479
347080
354506
337717
350310
320406
342882
330503
342984
322847
353380
341918
343985
329417
325372
331159
329246
322614
360107
342041
350659
323800
332165
327619
335466
354845
340167
319611
337807
358661
359073
325625
358697
345444
336908
350663
346717
336779
317570
313790
333846
341518
333551
335820
331585
330418
336777
345714
355587
325224
347334
320479
351619
338997
339382
345653
338018
328710
330629
323163
349917
334003
345179
333959
343459
332701
332001
354119
352144
325587
345311
322358
347331
325780
311990
361779
354086
342765
340419
345245
338293
315010
367429
331536
329108
324550
332616
331809
337241
321384
337310
332224
344016
354994
342661
352624
328343
314333
339925
339740
316139
333316
334806
336148
336234
328806
345773
347628
341455
364697
333976
323546
327393
355485
343028
347605
348780
342364
335870
332453
321477
332901
372415
356080
333067
358120
336316
357986
378535
357213
340850
351323
338669
344708
348269
322206
320909
348721
347540
328788
337584
349293
336884
349516
358024
352999
337599
344981
351197
321901
334031
339950
325034
357344
339708
323432
332903
338251
334801
330416
329370
329558
349539
328729
357262
359709
342436
331610
342613
323860
321475
339951
323224
319372
353791
331832
363512
340788
327186
348321
352835
354363
340288
333949
338312
353199
324523
352391
354443
341922
363748
358559
331284
328477
338899
323570
346860
332474
334107
342679
326756
334374
325766
354631
333090
332961
345002
336556
333772
350598
329692
327391
332722
341897
344329
341116
344140
327523
361201
342591
326050
324900
324850
335658
342153
346375
339107
339969
356689
348921
340598
334227
360338
350696
353386
311547
326151
348231
346641
342512
355936
343207
335679
354452
316106
342078
337758
346660
344842
348236
331353
349637
336530
340698
335269
327422
345510
327378
343452
352905
352137
340235
345821
337476
347820
342031
341102
337383
336092
352345
341364
330923
339793
330390
335536
346594
343042
352435
343298
340394
343938
321016
325491
344827
332061
351779
356131
337281
337582
363663
359586
357623
321894
347793
341152
348025
354252
357874
359204
342711
349201
329906
345212
349803
335204
348075
353132
334335
325995
351975
330770
326602
338034
347454
361300
347062
307339
340702
374270
328232
341957
366981
353452
345876
336517
314078
336370
333744
354267
329772
329194
326241
348902
350774
361886
357419
337431
336105
356615
341203
339249
316729
346348
317951
341882
331653
323284
338883
324993
345396
344556
355158
337195
332831
365426
354840
313164
330171
335301
342606
351276
342682
349824
340828
352306
317500
344848
365989
348544
321296
345180
341563
344289
334028
373244
321251
320344
324631
333497
351277
321581
358758
334521
331228
329653
342717
345692
341935
348568
313273
347905
345053
310256
318011
341540
343359
343739
337167
328292
344277
322535
362652
332523
335526
338024
350578
341930
346413
342845
350712
339026
349073
348982
315429
335825
344169
339817
346588
322747
334922
338407
337632
343409
328281
328297
355029
348941
336215
347561
330515
333866
350967
320816
328783
357315
341132
360555
339994
351281
346238
340689
314842
346556
348377
352184
342970
337918
354312
338271
331317
321633
332349
347771
348129
336510
352986
346208
349918
324263
331335
313131
339649
331384
339718
330505
352170
333599
337478
350633
320991
340928
333445
353015
334624
337175
350594
346180
344668
347401
336865
364097
337930
341964
350043
353010
340102
338120
331247
344930
360685
336583
318927
342829
345805
345256
354012
320013
344229
346293
351135
327973
328179
347621
345947
334002
339470
342691
355902
345274
323527
344520
337696
350502
352919
325451
342888
336539
318530
337436
328062
321441
338673
353694
355814
334558
337920
336347
335170
359378
337977
345815
346124
328606
345936
345714
340354
329480
349852
340905
337525
344061
338416
326392
337814
346818
362284
336244
332440
332174
331976
343660
346296
321512
366779
357544
335070
350188
366751
335553
318351
335302
355986
328468
341523
341811
333526
333230
334457
334128
329501
344902
329392
316588
334910
340492
342104
329830
346902
330671
336414
336223
323729
351422
331221
336796
335957
357160
376262
327704
334723
368479
338883
353465
347854
332428
335557
337749
326360
336219
351392
335979
355472
357005
336546
360917
353816
340341
333170
315240
344192
366958
330999
315368
359005
358364
324258
336627
349678
346934
321746
339665
328539
330721
328125
330698
336408
337210
328573
327171
346160
329457
323050
318898
358361
346977
362672
339657
353571
333489
336498
337306
338568
305474
356531
339477
338060
338514
322522
337457
333595
333883
337286
334448
339664
305379
351764
330929
343980
342170
340728
322342
352757
348849
336351
341524
343225
338186
325856
355940
325198
347285
343993
338902
305443
327566
351263
333344
315654
337909
344568
347117
341783
346383
333112
357934
333851
346495
339580
343848
349963
354753
344991
359383
334415
364749
351247
350751
358223
335839
332300
339540
344476
341056
334125
336546
342209
328461
332895
329043
361151
348591
305720
336969
345024
335115
338139
343716
338862
339307
342845
329652
355567
336429
330249
352189
330567
329972
336266
358954
336796
355469
326631
348036
336687
329181
340228
330295
328422
335433
361552
335008
332002
347877
341865
342331
358153
339420
331241
330600
358446
344618
346218
325828
341828
332786
355194
339199
340207
352327
323516
347273
330793
357272
329571
338376
327161
325595
343758
343593
339506
345509
342002
348059
345112
339911
340385
342818
333785
342389
347046
338848
347901
343206
340393
343871
350915
329141
342354
336165
361150
341761
323498
342877
343185
348831
340327
348615
353739
338761
360789
317329
334355
351227
344462
330400
328721
348962
335942
344051
343197
344009
351023
353789
328622
343998
329769
328932
341901
367430
353166
348175
331140
351988
341411
339217
329017
337026
351757
336512
355159
334189
353344
360422
335926
330582
357196
329604
343813
335198
324027
347798
323818
346408
318334
357405
346626
339544
324625
319532
333720
339803
350088
347784
348651
337953
321312
338806
334729
344733
363836
349119
342247
341598
327578
345914
345851
351178
333825
354039
349413
354718
342835
350643
355847
337966
347072
369086
339651
338300
320898
339500
319478
336175
338867
353979
360475
341007
355783
344292
358291
334507
338883
328376
334342
355781
324736
330978
334151
344583
317445
326748
366029
348656
337514
343291
330125
342519
332434
350823
333007
355782
350783
328127
323298
325358
357706
333956
353558
333722
334309
343095
350953
359845
349486
348440
323651
340463
355164
347670
340431
344401
349683
328839
331978
330307
339876
342630
336952
340462
331745
330955
339341
354785
313894
342250
338329
352164
342210
332335
336965
350271
318875
344103
352231
328201
341651
339933
345126
337161
339945
373663
336245
342602
341689
367198
335155
343903
347349
353130
339343
334356
331832
350497
330401
353148
360553
324831
336781
349766
351459
332657
341942
341655
368832
341249
355921
322746
348223
339434
324417
347091
340775
357849
345230
306202
326578
329207
334464
329186
326714
326078
344577
327032
345451
349670
321079
332589
338324
327615
351465
360385
352063
333239
339655
325089
343924
335421
354135
329766
331153
346544
325270
329577
334664
343737
334573
364066
370594
342419
351155
368816
367515
321205
352629
341493
341602
354226
339404
336817
343251
369516
338994
336871
345956
328981
353772
331687
345187
355912
337759
322196
345281
346255
328682
325006
324288
348589
340948
328002
331696
346532
360812
366313
353966
352698
362106
342037
343291
321179
336162
342691
330164
349431
347767
345372
337852
355065
328864
342178
354198
340216
323485
346939
327487
331031
356154
339728
313568
346322
338499
323682
354081
337516
323437
355230
348218
333518
364642
327782
339618
352563
351773
349923
360962
362286
321799
322623
341825
334549
349521
334061
351248
357980
325319
340200
343881
329299
343657
341138
341235
338171
325009
347185
350324
336052
317596
361071
362885
326810
346389
346113
344189
351708
369934
333625
323593
331844
343085
347826
326886
321581
346739
329096
328355
348096
324679
330846
333125
352709
353228
334654
327894
348114
313484
345103
325433
327334
328123
340129
331695
359238
355541
344433
337148
340970
334128
342940
356360
323536
337779
345836
352626
346285
326762
341184
326645
331233
321186
341200
341734
341253
350805
340919
354804
334091
343434
326484
353994
325244
333698
330482
350179
337601
328058
334795
347657
343168
352414
334048
342516
345773
357043
331590
342769
319673
326019
324519
320693
367048
339980
340592
330488
354748
328605
325383
334046
323872
320684
352857
339239
326423
335755
341696
343637
330672
331714
307255
350252
332839
363818
338509
348236
322188
327259
354753
335568
323263
342503
331672
334209
318231
361534
347374
336012
351203
332609
346945
329598
349592
326414
323524
334260
329335
344973
329835
345678
335914
333322
336990
330201
330709
343044
365851
333949
339977
345036
318726
328928
335808
336794
327474
326054
320260
334721
346042
360838
353494
344211
322471
344549
338561
351280
341413
342336
346546
348047
334732
335172
341538
354894
340441
332757
330522
357629
344531
349070
302007
330813
326993
334004
339751
331316
361951
338441
340183
342866
347983
353181
339344
339113
348310
345374
340938
332682
337584
316956
338618
320275
324188
319482
340481
336939
324055
356987
354491
344053
355153
332304
339018
348825
344812
319058
342396
355934
362811
329781
353255
335973
322821
327965
340232
349528
359994
346711
348037
334980
327360
346521
339980
329545
313059
328856
346530
332255
358692
321208
330785
350697
359988
357673
336113
346632
343298
343165
335950
364713
329560
333457
352123
327633
364544
336970
342315
333097
329622
348789
332509
345791
345581
319587
350532
336549
337050
357312
335973
349818
337732
332247
330801
324210
361725
341801
350949
340921
367216
346549
336695
346547
338354
331138
329646
340908
334620
321530
334363
342444
359229
355185
312171
332248
323547
333501
348450
338804
320030
326812
336578
328135
315087
340691
337414
346072
349797
332003
333902
336227
334216
319510
362278
344827
333609
335264
347833
320703
323251
347819
314980
337221
330754
338298
333182
341586
342570
349661
340580
336690
341782
359630
345656
346513
354616
327445
306988
336164
319596
312645
343813
348726
335899
337350
359168
309105
326497
339358
348136
346600
334304
335175
344606
346751
339236
334532
322160
350707
357048
337681
341733
337101
317082
342540
341463
365639
354822
348010
344329
324265
364903
346530
355376
342314
354406
340966
346624
