263410
261408
256311
262153
254469
260842
254883
262787
253439
255605
257861
257737
255870
259920
259613
265231
253054
265034
262075
253571
253324
260541
254757
264616
260469
252216
262668
264537
268819
256036
264762
261637
255585
260262
261144
263680
256893
271618
257823
264130
257055
260600
256609
260202
262209
259049
254053
258901
256411
262584
264445
255541
254746
257546
266702
259187
260902
260960
254752
255249
266918
261514
262919
256226
260244
256575
260942
255650
253347
259768
259017
262505
264688
262737
260071
263978
249494
249438
256505
259496
259499
253864
264893
256968
260602
256374
246105
262460
262307
247210
260517
262822
261082
263877
263807
254597
257281
262856
247802
254954
254412
257786
249941
255901
256913
269195
247150
257846
271783
248383
247050
247865
264825
265024
262764
246297
257067
264515
259377
256543
261040
255624
259507
248004
257467
255889
246560
251811
265024
249763
259887
261205
254381
260100
259753
264035
262194
257787
257784
247201
253394
248679
258238
256093
260862
250910
261906
256551
257157
248977
255672
254497
257039
246528
253714
260150
249611
260315
246572
260781
251208
260020
253453
256873
256890
261763
258660
247080
262554
262661
260831
258665
256135
247050
246634
262617
249323
257349
247271
254597
252494
261010
264062
261747
264516
269069
256231
254943
261380
259388
264530
246048
263840
259145
253475
261264
258647
263399
261303
258369
261061
261537
257916
257075
264706
245346
256112
260825
262232
247267
256742
258054
259743
246179
257542
263179
263455
252307
250160
252911
254283
251827
255883
257124
257281
257118
254484
262401
260576
257573
262701
263836
261883
265386
256783
259293
249919
257371
251214
262773
261875
253201
266080
262522
251260
246882
262019
269321
258012
258748
263425
262177
246027
254724
271783
255159
254801
261310
247616
249501
264098
259568
263650
260906
257535
257525
249989
256781
254802
260518
247267
247260
260500
254152
260252
247905
262516
262592
258076
247260
249552
253402
262213
261332
249989
247216
257002
256512
252192
246127
252626
261942
262655
249754
248062
260936
261330
269386
268272
250765
262218
254703
253426
254727
264706
258823
255143
258826
255807
260890
256857
258695
257360
260252
273117
254703
259582
248004
246736
259823
260888
252557
262418
257459
257002
253377
264906
262615
265317
256140
263521
260391
256039
257185
262654
254636
247134
261157
264518
255952
258673
250888
261712
261185
262491
256885
254040
260724
261579
260806
264446
261708
254276
247877
262507
247067
256783
257574
251786
252637
256900
265149
255659
258465
257067
261141
253418
260371
247616
254329
261303
265116
262854
252573
260472
262517
247616
249858
253030
249906
256553
256779
252796
261537
247977
257191
250909
256695
272749
248894
254896
263328
267643
260350
245459
261414
262561
268822
260350
259766
262216
256212
260971
265861
254463
266063
264032
264727
263802
260783
261061
256081
262447
265333
256887
264516
259184
254090
260584
257689
248972
268541
258172
256901
254831
261847
255521
252616
257529
254090
247271
256226
266707
252383
253853
252855
247265
255673
252970
252260
247074
263626
250282
253075
263446
260313
260316
266411
251841
261742
255620
268962
261221
257328
256156
265809
255115
247256
261637
246503
266064
262410
262418
253382
246507
257495
259164
246197
263736
262568
262930
253434
257313
259568
253434
257249
257546
255891
263315
254383
259538
264578
252694
249448
253211
255318
256767
260625
251201
254014
247223
258867
256040
262216
264659
253160
273188
257533
254283
256853
265825
260263
264823
267206
262625
251823
262220
261847
263856
253653
260150
260145
257124
260955
261013
252371
257577
262780
256724
262393
256970
265125
262773
252216
254212
252651
265090
257093
260321
262188
259819
250908
262163
247256
248620
