15013
14817
14838
14826
15625
15616
14582
15002
15681
15690
15693
15638
15662
14811
15701
15587
15546
15724
15723
15623
15570
15647
15569
14549
15744
14981
15656
15604
15579
15539
15523
14540
15504
15202
15502
15201
15492
16680
14322
15563
16426
14384
14612
15628
14378
14241
15637
14549
13887
14528
14503
14047
16638
14019
14014
15100
13887
14591
14839
14587
14566
14899
14792
14770
15058
14782
14788
14649
15057
14783
14544
14865
14882
14777
14724
14679
14881
14865
14743
14723
14539
14882
14506
14515
14738
14763
14981
14523
15007
15011
14494
14473
15000
14997
14874
14793
14812
14532
14495
14523
14500
14297
14607
14295
14297
15416
15405
15407
15396
15387
15390
15382
15371
15362
15365
15356
15345
15337
15340
15331
15320
15312
15315
15306
15295
15287
15287
15279
15267
15412
15393
15392
15400
15386
15380
15366
15374
15361
15354
15341
15349
15335
15329
15316
15324
15310
15304
15291
15299
15286
15279
15267
15260
15260
15245
15262
15247
15253
15252
15257
15243
15248
15248
15253
15239
15244
15244
15249
15235
15241
15240
15246
15231
15237
15233
15239
15225
15259
15236
15250
15254
15255
15245
15245
15250
15250
15241
15241
15246
15246
15237
15238
15242
15243
15233
15234
15239
15239
15230
15231
15221
14127
14123
14115
14112
14092
14103
14083
14080
14060
14071
14051
14048
14029
14039
14020
14017
13997
14008
13988
13985
13965
13973
13954
13950
14125
14113
14102
14118
14093
14095
14070
14086
14061
14063
14038
14054
14030
14031
14007
14023
13998
14000
13975
13991
13966
13968
13943
13945
14463
14460
14475
14472
14476
14487
14491
14488
14492
14502
14506
14503
14507
14518
14522
14519
14523
14534
14538
14535
14538
14546
14550
14547
14473
14462
14474
14490
14489
14491
14490
14506
14504
14506
14505
14521
14520
14522
14521
14537
14536
14538
14537
14553
14551
14553
14552
14554
16108
16113
15501
15479
15463
15985
15465
15490
15473
15917
15457
17300
17318
14890
14876
14866
15402
14931
14977
14972
15298
15280
16098
15474
15463
15473
17300
14893
14900
14930
15484
15478
15484
15473
15909
15473
14854
14860
14873
14930
15330
14976
15484
15484
16071
16048
15489
15476
15472
15470
15948
14841
14853
17273
17253
14892
14887
14900
14908
15353
14631
14620
14190
14168
14152
14437
14151
14174
14157
14218
14173
14386
14399
14589
14590
14597
14467
14762
14833
14839
14460
14463
14622
14163
14151
14161
14413
14668
14703
14760
14178
14171
14176
14162
14314
14160
14529
14570
14598
14773
14462
14866
14179
14179
14584
14503
14182
14168
14163
14161
14374
14495
14542
14399
14450
14663
14673
14715
14737
14463
