499534
488511
501344
498655
524033
501873
482986
482374
478373
501802
493218
509164
484403
488376
501645
509533
500559
508161
517255
495766
516284
483123
499928
520609
504002
499078
515387
499233
488433
490944
534762
486941
492202
483341
496339
499850
488557
487245
472953
504655
491314
504880
487254
498226
483489
494773
486496
512390
490382
490439
508470
493812
484173
480557
492139
488218
476846
479975
478963
489255
470942
491119
505061
484935
485827
481669
471404
505490
476191
494702
494873
507705
483422
488357
499564
495907
508999
507104
493173
500132
493059
483042
466624
494359
503067
501300
492405
505156
475924
476907
490926
474164
488846
494969
495960
503028
478489
529232
491507
490797
478020
501088
539298
518660
489458
502106
495258
484303
518480
491870
518814
471877
484931
484283
494657
497358
521494
486335
479846
511952
495458
519069
498353
500817
496500
521316
483688
461472
499715
474232
492320
509719
490728
524941
468936
473213
514839
509057
519251
482032
491792
506556
507707
517974
491631
522707
501710
499717
476540
495196
481974
491212
523265
502270
491616
487253
492685
514480
493283
510175
509255
517158
489618
501817
477333
490871
488652
509200
473646
468563
521803
491455
497147
466202
497318
501925
509043
519336
500070
504695
467525
503368
493412
501055
507992
490325
512921
497254
490569
519670
506519
507638
509336
504362
520041
516679
519438
507862
487369
499803
517969
504255
504406
515364
478090
515524
514037
505984
499695
515542
486061
497453
493290
507980
497047
519473
492936
477895
482994
517922
472173
503611
501175
490954
506980
520307
487422
487494
508458
499333
517827
490969
477290
505323
485632
504493
502560
504016
490146
455249
500811
492324
483218
503928
498402
496825
479969
510757
503257
479720
493497
496564
492877
512120
498317
514413
502253
505909
506465
500942
487725
494094
489182
505107
535759
512694
501032
483062
488026
517308
500332
482428
494448
498532
494477
501074
495162
507474
482515
504510
463333
485601
493228
492546
489446
475161
512603
498868
475628
513959
515913
489394
487748
511664
489600
497106
496687
511700
487679
507218
495274
510634
500938
493303
533018
512611
504797
480074
495727
486233
507170
514737
473305
503859
472795
459047
505800
513388
497397
488512
487841
494861
503429
499516
481886
515038
506697
457637
481799
508195
484909
507061
509438
494636
484019
506287
488342
498477
501572
486608
496808
474218
468712
503990
481314
503186
495252
506780
502736
473387
479383
495088
505738
517681
504365
500417
489290
481959
471547
489342
503443
510134
495286
494467
495201
492915
496889
518547
496235
497947
495385
493700
500074
491542
475557
469104
485594
501264
472786
504472
513487
503283
491584
481485
497994
496397
505847
505621
497503
517614
489756
516385
478454
489203
483632
515975
482230
500761
456219
517031
482960
489110
499610
505022
485813
491428
521586
506216
493629
480448
500992
490163
484805
502148
474970
491556
504393
477443
506510
500449
476200
496677
500935
497100
484600
497958
515907
500158
510793
497449
493543
501309
490061
509416
485451
522077
528218
508383
511464
517269
491867
479326
501233
512966
487460
497331
476434
483457
477938
501654
504727
508596
492858
501447
483153
494172
501104
485445
512283
529679
509253
473551
502872
464159
504268
483891
482703
509783
508038
495939
521109
487209
471880
506131
493683
487076
483914
524555
505403
499963
498332
524482
497704
495920
486539
508112
508037
501122
507548
519529
526177
505334
520743
490588
501426
463123
470943
512039
500951
498768
519752
518047
509822
511294
475692
499791
531462
491887
474539
480082
502914
510965
476137
504354
472003
503819
484308
478597
495021
477673
482790
508129
494988
497852
495074
507787
510230
489115
508493
480444
515592
502383
468276
496871
516862
509131
515888
500748
513197
497918
517793
478024
506705
481224
495635
490939
501278
507200
501170
505750
488306
495569
481122
504636
491002
504628
484780
487602
514484
470105
494061
486064
488084
487598
492182
512010
511694
477003
470120
501863
485521
486873
483745
484028
491263
513242
483117
508625
488218
485263
483405
475329
485212
509199
493255
491236
472696
500140
469017
504006
486501
501954
500513
498580
477887
498999
487250
501934
504403
509391
501176
500476
495865
487147
481602
481922
489133
497572
499887
495494
471205
498982
487722
498962
450793
509162
506506
486146
501669
516370
474361
496426
483784
496118
492389
512742
517016
496609
505296
500321
498891
500165
506516
515555
490800
497993
500107
471209
508335
487913
495305
487574
515152
516113
521463
472589
478220
501943
506935
514149
487476
493616
530848
530378
492703
479409
504474
521902
497411
478639
501548
507326
524845
520394
481489
480423
490394
504616
485447
490174
455395
487215
496486
528029
466034
491912
513649
502086
484896
505245
488526
513457
488588
490562
490052
494842
498966
510116
493056
517951
524038
496440
483145
503529
504827
502990
496840
489912
491839
509584
506069
487470
481457
495354
507977
490719
486085
495606
485033
506941
489538
512764
485550
494726
477475
485507
490797
511927
510424
515273
493325
492323
499134
493482
503319
496033
493353
487886
503462
511296
494840
499765
494652
508184
491090
499895
489280
495511
485022
515489
484775
522798
509872
489357
512513
472499
478732
515516
484051
494838
497009
486222
501384
498856
506083
495332
491064
518338
483630
513070
513783
495176
493699
487778
479932
496091
498795
494109
492078
497673
491511
484316
499369
484082
496353
487530
479027
493967
497137
494390
475160
477875
500585
498619
499791
490871
511605
485666
504043
494921
517851
484518
491541
480946
499862
502879
475351
484742
501075
515267
496603
502347
500920
524883
497155
530977
494875
483883
506698
524904
488949
483107
488207
507976
493286
489090
489560
494815
487533
510198
524278
491726
477682
501590
486218
496125
484935
510548
503532
476948
499314
507841
479044
490485
515771
501974
502101
494190
479144
480389
491189
504787
483191
498617
485457
509266
505121
479016
496033
508979
505762
507373
472950
505009
474834
466577
507827
490098
491615
484008
514710
477821
508242
509521
524064
504736
505788
499222
495375
513179
503524
486095
476792
489922
500547
471473
483637
465222
499155
496990
507657
477128
506099
495409
497787
509974
489657
502969
530101
488843
508086
483501
488127
493723
520147
495944
490437
495522
499033
493211
493676
504831
492860
501990
528079
464179
527679
500410
470944
498304
512104
504934
515426
495380
500781
478772
497753
497822
494858
500414
506791
508573
494664
478342
482674
506307
496929
501647
475217
505558
499764
487583
481316
505752
477610
480255
498336
454942
493634
499902
499351
480607
470919
507817
514146
478093
525618
512915
513644
505576
479712
521370
475547
499580
486972
468334
491401
494482
504068
473497
496949
498478
512508
527633
507491
495845
482840
487023
506076
506142
505222
505458
504019
476616
520068
490542
490291
496956
475619
482102
505751
495752
484662
509442
505834
518047
507833
477157
455692
494603
504971
508069
487980
494158
501696
502955
488126
472282
491215
507544
516833
523414
490483
479463
515812
486328
482657
497450
539951
490886
490354
512998
480437
479076
506379
482096
496961
465381
498707
507292
510262
481966
488258
499430
518433
508856
495989
484498
479725
483540
505939
507592
500326
498841
472427
511814
497419
501273
506755
513929
477681
467530
496082
495599
497591
477790
484285
502043
496057
465040
493264
504057
494000
481121
479561
505755
509399
494969
508006
523435
497833
519481
461495
491442
508975
497704
502552
482377
488116
513879
475187
513443
494899
502746
482090
497068
506741
489768
516705
496168
498690
481617
498029
497485
509408
479000
509802
485545
512227
506466
489824
487298
483018
495430
472696
504039
495317
521709
480475
482556
470183
498390
524880
498641
500989
495764
461789
494479
496436
500646
472274
498749
503650
508133
497043
504229
467081
491953
490024
492754
488679
483027
500959
502844
522655
493519
503995
508630
511496
472682
480430
514472
491725
500668
493787
485765
514607
506930
508218
510595
505808
518685
498614
503914
507951
485068
511588
483720
510605
493674
501584
495656
493047
511709
486540
497547
506594
489204
501089
494428
492747
509117
494008
523631
499619
507197
482013
499454
499034
474358
489270
486049
494271
503773
475858
525717
511243
483505
509119
497399
507242
488441
480915
506199
489678
480381
506421
486969
497252
457750
499422
504049
507460
493348
513344
498291
489112
504914
485446
507509
489681
494530
505942
501034
488247
498380
511550
508174
478909
504525
503548
498976
483008
502940
494478
517230
495316
506467
499846
476980
511299
486125
489631
498859
502312
495019
482767
492144
480637
490679
492842
501632
474682
505751
481519
501485
527383
483021
502406
496463
497191
484076
497617
505951
511224
505985
515076
493597
494991
483127
491187
496070
501547
496334
500295
497705
478668
506842
500799
487363
493461
514619
493759
478581
518393
491685
501529
471868
496386
502156
477956
505558
477482
489092
500307
507235
509323
508631
479333
506929
515647
453795
475213
506499
481028
496605
496820
515380
471884
488204
476720
496898
505384
489889
512644
505169
510613
481684
474918
501967
481421
523091
511444
471018
510876
490496
486801
488780
510248
510381
485901
488153
527498
477718
495933
506415
490062
503220
514494
489753
501447
499760
511024
495358
514934
505942
492990
497485
504947
492229
471628
496879
501001
490129
502991
516616
467801
492573
498205
487971
495195
486036
493242
482337
490039
512931
468182
523995
504496
499979
487096
499244
492976
493502
485998
515412
484613
500325
494850
506376
497104
498482
486993
489114
485692
503553
510557
494115
502465
495060
480203
493397
487127
508726
494893
453439
494295
493078
469752
499006
496635
481915
498229
488470
516653
481847
488890
505305
512183
518965
489107
522289
488099
522073
482001
496583
500751
474334
493076
497471
500670
481444
508005
475993
493223
494099
492001
494024
485139
489345
480003
494538
489405
478813
519622
491163
494293
492036
504970
497725
501094
498449
511191
492431
493805
516808
498232
510503
496817
520802
493360
493171
494222
495302
487101
485112
498138
481260
484808
478792
474352
486745
479019
500723
485402
497742
483232
512062
494408
480151
498252
489147
488206
496028
487408
465975
496977
501156
496352
479330
497111
500262
518410
468979
493751
510392
511242
509524
499973
481319
488097
468445
491695
516376
477222
508492
480538
462862
508844
509623
491901
484305
474726
521534
499629
478164
508252
526112
493211
496517
493465
495986
510404
507349
500521
505669
478756
490943
507551
497238
496044
498856
509414
520005
474246
487546
493142
507592
485696
490166
517712
495080
498454
479652
499015
488336
503929
510510
497586
487089
496588
495149
494696
505784
518311
480300
495237
497505
494391
523132
486536
479849
496127
510476
494295
504767
486832
491239
490174
485302
470821
501373
466677
480745
512961
514715
517805
479130
494209
496846
494987
515689
486427
512323
483985
491667
492284
496735
490080
510065
505179
498076
472768
497881
465520
518663
507796
503707
499680
491178
501681
494666
493774
497065
497239
451052
484743
496690
499293
521223
481720
498546
507111
488522
474988
497852
511479
498604
483211
484556
508555
482833
479063
491040
507754
497436
507848
489457
498303
479351
480060
517109
514881
507871
499341
505784
491370
523204
508118
481038
503786
483126
494559
481352
483156
457834
526377
493669
502829
472953
491361
514871
495592
506657
513597
460461
489670
484307
505350
493878
501648
505418
516785
501116
487151
490677
499764
500916
496901
483114
467952
476502
484271
486498
483949
520017
501288
487784
484918
489997
498365
508151
483578
508774
483152
500654
495636
478666
482610
495034
505701
503373
510961
499877
511529
469415
493146
525192
527441
487429
504327
472134
508729
495571
491647
492994
510455
479730
494734
484967
502556
480203
502542
506902
525661
509520
488044
475391
442425
510089
472032
479479
501314
506903
483833
486127
483311
493198
490094
518421
503000
510872
492152
496114
495442
491510
496906
511642
503718
505550
515887
483419
512349
496657
473586
470180
487119
514324
491749
503218
490127
496015
523042
473960
466138
484713
490863
514004
497145
476210
489999
506207
481453
500054
512997
512496
499272
489016
514381
481609
472487
490921
494632
486321
490085
538205
512669
500191
477253
495335
500102
487629
506021
496728
492469
483709
490326
476622
494186
511258
497018
495260
491832
477737
495766
493535
503434
494461
493082
496275
495246
494031
492706
502835
509658
503784
498677
512294
491342
489046
478329
495987
503398
511789
503295
494193
482445
484546
470187
497453
498662
480870
489561
472093
504237
526890
505795
475284
511524
502386
491686
477941
488381
480937
479319
474337
506297
487256
519226
483717
504475
468864
499306
488857
497238
467924
486780
482663
499157
510927
494480
509918
495977
476133
508093
478013
493765
497910
500879
495123
499195
508332
490355
499505
505147
524981
515874
501046
496055
486958
480034
510350
505080
504776
480652
502171
483232
522797
495111
451615
507165
500695
505729
509292
509768
520411
505446
503661
506419
498125
482856
498901
475006
507900
469312
471576
496300
507173
482154
512201
490861
499876
519535
500228
503968
483488
512072
514551
492487
477612
498305
505052
506080
503753
496151
489905
492372
484235
489841
494875
503356
487543
500720
484650
493793
478565
495965
488474
480851
483232
470441
506470
492659
506722
493123
480177
516300
523652
494800
511779
502029
523065
483426
483330
498352
489296
492435
494294
478258
506613
500250
519192
508203
507018
517875
500476
530810
535266
490314
489240
484873
501733
512407
493412
498947
473117
513591
506923
469346
483160
502698
483573
487693
513784
501848
520309
522133
519947
508256
480738
494029
474377
494902
490336
497778
476258
500592
486717
475257
477055
495332
511188
493590
496735
499646
497535
493606
478441
488700
499461
508469
495579
518171
492769
500812
501818
527465
510396
492926
507944
515338
502096
496741
491181
503058
494926
462733
508406
497466
493069
511414
482864
502432
470155
494483
499155
482570
472832
525318
471979
500226
494368
481032
505582
488366
491359
509521
491831
493800
497355
477665
488029
500491
468102
475397
495474
514801
501693
491015
492814
474769
512505
510685
466595
512723
507871
505361
506953
504421
486223
490530
506991
530705
502761
497159
501469
485024
505033
495689
489357
485838
514239
504705
503233
513136
496634
484728
512652
498794
491817
503185
496684
505411
496212
488820
496677
488681
482113
494477
500352
503498
513420
510652
495545
500897
483487
502420
476513
504744
467458
499877
504034
517665
487423
484141
483705
486866
473252
504182
490045
476160
520881
507183
509447
487216
500497
500069
482119
470619
483256
492662
486780
500227
501479
475868
508198
487280
489456
489960
504185
501167
497176
493603
516009
489245
507069
491767
504441
486241
466218
483314
510815
502330
466772
480182
476805
490862
484941
479206
487759
499186
491198
499422
480397
491386
501986
505443
524796
488451
491391
484573
488101
497019
491952
518933
498259
504650
494307
488187
482308
511614
485127
497521
496056
499626
517618
517979
514736
490921
481211
510177
496685
505868
511081
492540
470171
491293
518769
501774
515029
504767
478765
497676
483497
478374
525619
483391
484836
490225
511027
501939
493656
511025
486873
511373
496675
514494
511576
510929
514092
473204
512369
484657
528670
492442
481170
520713
456831
501520
473536
464744
488378
492289
514595
494099
498704
492802
520919
498190
491404
496362
490352
506250
498570
506872
492021
495176
502231
523813
491141
488609
497714
508809
494509
495665
474518
475485
486891
467461
490439
499798
475877
492342
501730
500658
491004
492523
474041
498835
506988
507273
505327
507229
501315
504885
502601
489787
496041
509135
481083
489668
494744
503004
489822
476324
489178
489933
510484
490741
517414
516763
483676
507234
499863
463824
500850
500181
478882
492129
520500
496959
493989
475312
493324
526256
526065
484503
486342
484181
488836
490529
504513
474575
481116
478834
485297
500310
492207
490486
514102
492695
471929
493423
490297
502618
493626
511271
499751
516775
491539
482099
518408
508089
484268
469462
492366
482148
509182
514703
490705
504144
496152
517606
498536
495099
506827
488108
496594
483305
484221
465637
482999
489832
520396
492072
503560
498499
508266
508724
514988
484327
490630
495974
486097
499820
516079
516727
494978
491945
486660
499880
488355
492695
483694
476607
517267
522620
463647
500726
490484
497432
521212
498219
498513
499529
510034
489058
509663
498288
512179
515254
493177
490115
513014
482938
505025
504501
508843
488873
486358
524066
486827
520493
478768
503286
515005
490275
494310
485279
470993
518794
503409
469314
490652
474857
483432
509336
486237
486282
483170
497548
501886
495208
520000
485322
487492
482785
511850
499064
482292
495956
503668
491650
487398
503830
503577
481448
493759
493621
497522
474421
500352
486379
493865
513479
499341
484724
512152
478687
487480
489737
489045
508398
507231
479698
485081
489836
474428
490656
496476
472746
482197
503227
493499
489106
505917
483346
503195
486450
514096
498321
497988
511077
501465
511383
527254
496434
509788
477651
487457
501661
496521
500178
511323
490317
507311
507710
490628
515306
505812
514094
502562
498336
475576
482512
468940
493911
505686
486653
503804
492882
482487
487442
524325
495125
471916
508835
512565
481945
496692
518855
501980
490976
512080
506360
480566
501287
508630
483334
502537
493919
461255
498533
508093
499984
498999
497626
477455
500025
495520
516017
473035
505660
490397
499272
495988
482754
504131
497083
518360
479611
488892
512423
519551
485101
505023
490535
509136
470116
492019
499018
489268
493997
501512
515056
494298
521757
499929
493145
494525
502074
513896
480225
510751
501606
493261
523716
504203
467906
489437
497314
516885
476299
516271
506619
484969
470271
489552
517594
483334
502947
494500
513459
497546
501601
508849
494368
492622
482198
500091
504962
483473
509920
483115
488440
487243
467701
490435
487323
490228
498515
506858
504069
504577
473711
489772
503595
495270
491454
492912
493755
487685
493169
506620
492445
496883
489335
488752
484093
520592
500016
488432
493181
487488
497137
476914
488398
478045
509803
494618
472287
514616
497242
496746
501450
500095
478980
484749
498250
501318
505837
502821
491694
498462
499253
518518
490506
506751
488285
496984
487588
487022
513168
521168
504136
494849
507165
481091
496588
494529
486940
500473
488998
493316
511540
489790
503112
503482
489564
514573
478443
495385
488083
500251
480031
516440
500445
529880
469879
480197
489905
500855
482638
494908
513164
510905
515588
489972
507309
505042
508928
519063
498831
496851
513552
522817
473426
472153
486949
486634
494783
511374
478354
493957
507274
481304
508627
491804
496077
486851
493570
494683
513266
485481
492776
489038
482519
509954
485841
480642
495814
493063
511973
497982
503139
490641
481651
497396
511819
508814
484001
484577
499096
471181
523353
487705
504779
501532
485613
492848
516066
507884
508267
491168
471779
515804
502213
495529
515384
469983
494160
472028
482719
493818
509483
510951
484613
476013
485539
483737
473943
499292
513377
521620
515045
492035
524810
511391
507665
501576
501822
486892
520968
514994
472818
468298
491902
491329
475331
480750
510978
515050
497729
500658
509151
500868
493640
504876
509378
513099
481346
492921
502824
513232
492735
482836
498228
505489
492481
493126
483562
497939
499354
493916
490481
469907
480522
498321
500638
512306
500879
511361
504661
481038
504412
473283
513363
496176
491854
461801
475428
499931
487873
519139
481814
497847
489107
501090
488570
520262
488726
483797
476586
501447
511584
506682
494332
498828
518544
470257
485343
495777
492132
484795
507689
489970
497288
501932
496858
501194
522480
493044
479279
506032
492807
502307
489815
490324
481700
508050
492457
503834
479124
499134
502050
515068
487570
509157
488678
508269
518241
537375
499388
491294
500348
520913
510161
478163
495033
502078
491674
505730
514119
497673
486374
519877
496411
485974
508292
492912
476636
478892
514025
478055
510256
515314
498939
520912
498474
509140
482485
485797
500322
465252
483873
514501
492991
466236
497173
481559
470099
499294
496382
516312
500277
477325
491692
483938
503663
506729
507756
502598
483207
480040
498344
473561
514716
468516
510526
465020
487844
484986
500651
517815
525139
491344
494848
526021
526150
491010
497045
502734
502819
498331
500992
479033
493854
484102
498319
453284
526799
475204
495616
509768
488140
487362
501140
520744
500173
498135
526012
508883
489287
480117
488576
493616
501108
483394
504452
504504
504097
498325
494528
494731
495101
529275
484931
502180
490583
487433
484578
504889
495565
500417
490395
502744
480840
513638
489719
496970
483590
508977
494171
524430
499418
480538
511455
483200
495490
494230
491261
487209
493659
496288
495006
470083
507917
485588
501898
488589
488827
520614
495506
481455
493421
526699
489608
495824
496140
485656
499940
509544
496377
494592
491771
494002
496525
493030
492479
499373
515046
497047
498318
491155
471482
498027
489063
486320
483582
482463
497026
496783
479826
488465
512357
480303
490450
489132
495547
482133
502006
493064
484792
476805
489161
494054
484498
488224
488817
517414
502970
486778
497942
490436
482039
490592
483644
498134
484457
497507
486512
466428
470502
498345
520513
501637
494657
474913
489478
498382
500048
488591
490514
519343
514339
500018
493327
519978
510448
453417
515011
505155
513283
486790
520534
485468
496940
488957
518974
509117
494724
489917
495447
492352
502010
501427
485110
487072
503025
495017
488849
491986
501454
500485
515967
534355
491394
515687
484212
521557
544876
492366
489769
483063
491976
487556
525552
473710
503441
506836
529217
503210
502691
470402
503737
466289
471885
495407
490262
499270
481094
498069
489081
479451
477781
509792
479781
489066
517543
502358
496304
495400
504695
499593
490749
484232
490372
497428
483891
487903
491286
507887
511014
465423
507313
506198
494987
475954
507139
493918
477605
499171
496642
471149
481412
493287
517926
502272
496699
508513
506168
497923
487849
492581
489389
508425
508550
495004
503432
519417
510446
506351
507745
511041
506263
493253
501161
493656
506634
505195
499283
487326
489602
523617
496112
491854
504777
497559
485415
483529
492122
481279
512400
503774
499945
500055
477422
508821
496736
508003
504870
509686
512297
505662
510281
500347
481457
488586
512603
502337
509042
504408
481100
486958
518833
484933
476138
502436
522321
502888
505797
509509
527757
502276
503897
483063
485234
506455
483192
505260
518167
498006
512087
493008
504195
494371
507962
481887
487680
512122
516255
499227
484790
480232
514230
492254
498689
485521
495424
486886
520175
513955
506109
504930
503674
486394
496517
488245
499329
488104
473485
484797
507117
503331
496056
479462
529964
491281
492120
489974
477337
495771
512543
509744
505838
503610
482394
489826
536311
494498
482557
506399
473906
504094
483795
493531
494426
510817
484478
469563
491672
462263
480613
518015
485107
486816
498859
535589
492204
521384
485306
486457
495677
490146
461106
497723
491536
500647
502067
485427
477810
489561
489877
520869
487345
486163
476475
505959
503051
499797
508798
488554
504615
505952
507789
511670
505796
514892
507576
507825
486079
524811
489636
518901
492231
476347
518994
501748
492303
510648
501055
476471
505847
511098
509017
485457
499104
499543
506290
495619
482862
505271
499851
503679
484125
501300
502141
488727
508185
489310
507439
528894
503953
490526
497136
488968
496205
488726
499302
483129
496412
495287
506125
500778
483386
509839
481676
495917
478493
475103
488191
484058
485564
514030
517200
502836
511772
477790
487649
498479
490898
485182
522356
465582
502264
492029
499980
495386
501089
496809
500591
507048
488426
503712
496603
496316
486384
508752
510278
486403
498420
501290
519543
511527
477074
485873
477537
482345
484613
479879
528117
522929
502229
483647
513991
508494
503336
499112
482418
489633
501551
514163
489374
477368
516288
491899
514128
501289
488607
466121
492110
482648
491223
511820
492148
478129
488966
514407
484260
480108
491469
478989
514271
491958
493538
498418
507691
484035
501223
493636
482730
499031
493436
510700
521383
504625
492478
489501
533089
506555
492234
482638
487535
507492
519650
500304
493650
480346
496622
505089
490359
496184
469967
497776
495885
479645
476468
504168
508463
515087
464882
468793
492022
490040
496326
501571
502920
466948
474564
471556
491757
477480
502793
510654
483420
494003
498210
538614
466958
484600
525805
488727
502981
482035
494382
497199
504874
497141
491876
505565
488720
477719
508428
524473
488858
473117
494780
502497
503599
489227
485446
491137
515308
507579
493862
489203
501985
483152
495467
492767
496580
511269
502097
508386
503288
495624
521652
507586
470236
493678
511127
502298
519196
516144
513143
508026
504138
493725
468384
497107
502812
489078
498729
522022
472907
487715
517496
483662
501669
490829
513461
502051
517273
486156
490102
502158
492609
488581
499586
492854
492059
494914
502702
508142
505348
475651
499105
486683
489297
469265
495440
499501
505120
497220
487236
477325
501479
448130
507122
490205
533385
472691
518575
496376
486262
488260
505757
499329
497829
498082
506217
488436
511916
502927
493243
484415
484887
499516
510682
493181
496211
478666
512724
521560
504687
488258
472911
514283
487279
481291
497916
483378
483450
487043
500754
498572
494858
507662
485370
497458
485575
467574
489749
467519
515527
466070
508812
496675
504985
494649
483037
480294
477642
486754
496748
490029
498258
479231
473240
491319
502092
506513
484904
497941
509108
506410
499765
488991
500714
474713
482104
513182
491043
484862
489275
506489
476434
500121
502650
497689
494553
482738
511734
519483
479104
472665
508803
496864
514742
512518
523971
492802
503144
476752
488506
498946
469391
502171
486459
483336
503059
510423
487593
509902
474252
481508
510856
490816
487803
492645
498142
502752
506786
517836
470264
503176
483264
524105
502691
507065
487542
495382
492140
504042
467134
510137
501685
490734
497698
494825
461906
513260
506162
506161
487591
507387
505589
495153
504475
501024
493880
473499
494189
490937
500528
490684
499566
493787
498003
480994
500786
504248
468601
467496
482079
494827
503448
487108
502987
505826
496318
472433
495777
519877
482605
502998
499297
485235
506181
472699
495777
457494
472706
482696
503435
498367
508776
485751
501614
506621
500474
491026
505559
508018
491981
482800
493687
493969
484980
473594
512937
483583
514243
480123
492701
484208
504734
499161
501163
484017
494497
489463
488462
491643
510825
470304
512281
491505
473357
486050
506652
488007
510286
485863
526916
487630
496406
495126
488145
504485
489689
479617
497964
496214
482065
488596
497651
511432
491194
499559
503853
515161
486228
498824
498183
504552
516643
492523
499220
481610
481380
490764
490832
464762
485464
486904
502580
502996
493940
511707
487954
483891
512440
503959
493190
490174
507073
504620
518175
485544
503782
490724
506864
508425
511954
488036
507997
488204
483819
490059
504738
493122
487513
491107
487827
495747
488929
494889
501661
494952
512270
516036
476724
496412
472981
482636
502862
504934
520718
492614
509961
484351
489733
500363
505579
492181
480440
502265
485281
519781
474161
485945
523634
499446
508199
503169
485080
484931
484548
500599
502366
507722
491874
498458
503350
515834
514212
507275
490077
515979
499036
498907
495135
493813
494723
502767
491142
520288
486622
523929
496693
505932
489923
474604
496288
503695
509675
483198
498164
498306
492270
496974
500068
458434
514869
497473
506314
499958
491442
496404
490558
490955
482111
476567
518147
486063
489254
492341
499678
481878
490190
481249
518437
498398
478696
490515
481935
486258
488133
492108
487426
493020
513986
471444
499534
486596
515446
503254
521656
505354
503414
537859
477356
492990
494532
494715
503767
482588
492343
467557
505294
473510
513085
483237
514943
515650
485065
501783
497468
519270
465911
529626
503876
494882
494435
490302
492929
483984
494578
486574
493824
493546
501898
499511
483717
509369
489752
498211
507333
524690
480228
487443
507150
517058
470058
470817
474541
495287
514651
495827
489734
488360
483378
501163
470336
511732
479893
531643
491573
479414
487782
488007
497568
510918
508232
503951
522007
499961
504109
491374
500591
504594
489152
511222
517045
498430
487858
477376
463462
487389
491490
497741
498461
507600
504883
489498
488609
504714
478167
497501
500736
450610
501358
482901
500925
482326
493094
514722
502091
477105
500851
505799
487217
522973
503059
498855
504103
492315
503792
496875
495656
479741
474131
500042
488045
509225
503882
479147
475300
508281
474199
491471
500730
501497
488133
491362
496186
521922
497670
496065
498502
498994
503946
516217
495995
504189
494095
521272
502896
491477
478687
482850
491537
488526
485303
484349
506410
500616
495358
480677
464689
490420
527519
509301
505308
511190
491003
502763
503398
493245
495985
491180
479178
483450
497660
497174
481814
512152
490455
499591
501067
532073
511725
501957
519665
500611
489887
489872
491214
478448
506389
509984
500176
493780
489181
484943
488371
494947
492634
517673
493155
510839
481427
482195
490446
505052
512627
489187
497808
490308
501660
514634
527715
481666
505730
489120
507514
511043
489391
503437
483156
491932
486549
521605
484157
489570
482076
508998
514167
513944
482301
497746
502390
487447
504266
507862
482992
492526
488398
490991
514918
480513
491905
481458
471091
489268
486115
496193
478902
495886
504324
507822
494640
481755
489870
492078
456688
471362
531408
524855
485373
481744
493194
497080
497829
503084
484138
488414
511295
499638
494203
481687
505331
504249
485691
491518
480296
496721
494831
499951
503467
508418
534285
496346
503615
503467
484191
505391
499726
489400
495896
510778
468606
487168
491620
469244
486224
495034
502223
472320
475647
513512
504014
486892
509050
499989
509584
508822
496194
507321
504416
497040
470964
493250
495094
512339
493317
496795
505264
495033
483432
493641
496874
498825
473655
489821
527288
515764
493871
513766
474410
514606
510129
489581
515347
511835
480814
499351
484812
507119
503820
521128
494191
476222
495432
483882
490903
498137
493982
487048
502666
487457
521153
482869
523589
496746
490063
484926
514480
476512
483251
508277
507680
498455
493299
495609
499291
518457
492515
484634
494299
512769
506825
498677
512338
508689
503658
488452
497492
516385
501938
481346
492830
490935
489171
481611
527113
508967
490848
484598
501104
514130
488635
506539
493181
504323
503867
489402
481283
525751
493332
482726
495024
482003
488838
484926
499218
510371
484205
497937
493573
509606
473914
505790
492387
504299
489270
479517
492028
485033
530804
517926
492885
499605
510091
523204
508030
504873
515097
486687
471383
472670
500178
473968
505388
488814
457595
488783
504449
515152
516604
510514
491249
503904
501726
511474
504306
512060
497556
485205
484035
506839
510189
518205
487845
496000
473609
483384
506580
492338
490445
488444
481800
488492
493820
498825
528241
499499
494714
507453
523056
517063
515090
496992
488861
490252
484405
501975
489838
500605
491752
507970
494962
485072
489831
490007
499157
501787
523229
519484
498408
479274
513478
497268
484473
502296
473849
505264
483961
501549
491278
490328
504213
500242
492425
529025
497549
526788
492521
492163
485332
490659
496800
498063
521198
484199
489051
508798
482257
483995
524446
489465
484193
483475
480724
493290
481137
496259
507028
502562
506139
507679
502472
513013
495765
513097
501360
508642
507654
495083
497925
492526
480498
477655
503426
484425
502571
470285
513456
500216
484827
502878
491057
500223
491002
503713
504531
490813
509529
486167
486083
501841
521724
523184
480278
497290
501690
497982
492654
486673
492919
495893
489876
519081
495459
517257
516736
494935
483886
477704
494786
482810
509734
468112
510027
506192
484977
501662
507601
505847
508689
468726
517418
491518
508899
498379
501224
481212
482920
492366
501909
499414
477798
483445
510792
481690
495703
483548
489005
492619
491207
490048
470640
499750
495098
494360
501920
471821
466597
507845
518816
501973
474452
491233
494341
491961
475189
507325
512838
517475
491506
496473
505375
487259
484704
499255
483455
506516
508328
467642
480949
506842
506188
488415
509714
500069
491642
477562
488365
488467
503962
501559
472295
490609
510699
512092
494338
520723
489654
502701
518696
499370
503102
499852
477797
509467
499850
509940
514944
510838
480131
507858
465877
503504
489865
499477
479910
511426
498666
493795
506753
482242
463750
505583
509538
494419
509650
462379
498070
493620
475443
516423
508014
477390
499309
498929
484252
488047
501711
501149
484629
465736
463298
493941
522201
486548
487913
468250
506814
509543
509343
512192
495050
486439
507112
509734
497234
487752
471090
490947
498649
515144
507545
518215
488388
471415
497017
514338
490497
504711
485738
505432
465323
500004
472424
491954
507084
496084
499258
500708
481085
500721
506635
507526
480261
503727
475129
505737
487745
492175
496747
483014
492424
503766
496980
515160
487407
505377
497298
494831
500661
492192
490129
481046
516880
496197
503369
507003
478633
502019
501211
513296
508155
491382
477599
510750
483702
478316
497681
516586
488427
497391
513900
509870
457365
505468
500396
502475
502519
498155
485923
498767
483979
479025
505796
501033
505157
516463
485526
506475
472777
510031
506874
515850
513288
488562
508975
481202
528865
482257
518876
486559
507324
508401
506895
486045
484050
484591
501285
500391
479058
500818
487456
499438
482456
500906
485552
522118
486056
510024
501339
511098
471160
477764
500911
482814
509235
516255
483681
508564
504976
496068
502307
476207
483645
500217
500595
492959
502258
516471
508373
525196
509447
488995
496773
488533
498224
516253
507685
479541
487821
489280
501105
479648
485978
482575
494641
491748
515527
485667
479292
471872
502427
481843
512357
488455
502697
492486
496102
480599
501356
486317
472847
513120
508889
509353
507609
505158
486731
511308
495300
487872
491516
515754
476976
498431
516487
507613
519874
453509
536484
483151
485335
483900
470810
503130
485169
485376
503143
484988
484755
498810
496909
485051
476506
505305
505326
485789
505108
485195
461186
497803
492127
501056
487630
472190
491380
462540
490693
469916
515510
486169
494224
502656
492225
494415
507747
502729
504230
503064
519807
473374
501995
510698
497899
476917
482037
472523
479402
492640
490239
531038
471040
504239
518444
500760
497386
482080
503347
489055
504777
493911
477371
514976
489691
493433
483406
488573
516067
482222
505579
495628
469244
490808
498703
491422
491336
474721
488682
503695
501767
457129
476397
520547
482181
475258
491817
478761
502072
515204
506500
486373
493746
498338
498277
489135
479000
498291
536676
513178
503074
505332
489857
491965
509022
483013
481383
505266
497668
503040
495244
490530
488163
510739
497279
510649
476973
505058
520137
513807
483077
489042
488594
480918
522997
489900
495010
516588
477626
486566
499902
470644
471432
506985
503628
498534
491754
508341
506180
498778
493343
502316
479953
500453
508508
489821
472183
499280
488718
480685
502919
500461
501647
501455
498888
497694
501995
494595
490461
494072
508984
508439
511355
494630
503355
496910
510489
492005
514702
493193
484059
484760
488786
499612
517032
491762
488823
490407
514801
500284
504252
488738
510784
492472
491041
507085
491019
505790
493793
503178
477068
503847
474718
476327
487100
501888
495962
493242
484498
484161
503960
482515
523839
488753
478540
509028
508222
497552
477488
516197
508349
516708
489903
507398
482922
489352
495094
493249
495406
502028
484364
481656
505719
503752
510381
524201
473803
505317
492381
489675
473681
491521
499288
502350
493261
493952
465395
487558
489030
481903
479720
487712
497138
479467
493504
505412
482096
488012
475219
488114
511077
477736
490725
501391
483053
504117
472495
494127
499675
504291
479770
518877
492065
489713
494403
498049
473852
491123
465049
498058
510715
484114
508796
480387
517674
488286
503402
508118
474836
508484
520838
510270
503232
517833
511002
491076
473125
499029
498369
503022
492366
489128
473937
484628
496836
503712
523558
499098
506776
510338
492474
503231
493867
494419
514091
484947
510762
480523
493384
505359
499519
498888
528916
503289
513443
500409
494538
503585
490754
496268
507264
492235
501052
484599
494645
495027
495215
516475
501313
489387
483653
484455
499069
503076
493515
495275
472958
500656
469927
474656
492171
492623
510529
511561
503061
490563
469607
475686
507104
507926
490536
498853
507209
489566
488692
504992
499380
511182
504345
492362
512850
490839
478074
500404
484890
500044
527449
494211
491577
462043
470091
495645
496214
502131
503007
488352
497863
517922
530751
501483
486600
493133
486098
501546
510190
488286
466922
519339
470703
521032
527278
491718
491657
462715
502294
479373
482014
507023
491274
489611
517234
477928
510704
518566
526895
509627
514496
487083
520784
501635
474232
507281
492529
490184
494785
491829
452190
480144
493750
482604
505687
486632
485967
502068
479224
510972
488351
484090
494345
514614
494025
487189
511717
504799
473823
503177
511177
463814
489141
497178
473400
505354
484646
500750
496152
470569
492222
481953
492158
491078
491293
470520
508472
510672
483870
481609
525448
507714
519442
492787
512017
489023
467203
483358
503969
478779
490763
497041
490710
518041
476367
507074
495658
496226
504942
494710
536700
504831
510055
489349
502434
489550
481557
479388
499505
496293
490827
488842
507051
504092
486520
485796
499242
503225
494521
527326
487661
512738
487200
490471
511086
512907
483830
499599
472486
490652
501358
503041
470153
505158
482017
492380
447183
488085
502010
467561
489063
484672
480254
515197
514131
484243
492551
500512
500164
511616
491422
503880
482617
485795
493186
496411
502194
483428
493025
483709
508298
493998
492546
511826
478868
477800
523733
473951
471806
496723
498366
521338
511653
497848
492857
499549
505201
485378
461388
500530
494316
488219
519533
506522
506976
492121
483901
516556
477337
502313
488099
484092
499591
487208
525136
478539
472252
478278
505439
488330
485734
476484
504781
515436
470206
488986
488122
495050
473310
512126
475641
493779
508791
510379
486460
470790
490066
499472
504809
501961
487719
498049
490535
483129
491665
518197
491334
520082
498249
496738
509899
498542
513074
491696
467877
482981
481309
496170
492666
497803
499044
479468
501437
476808
488281
495704
521827
463863
498972
506487
508591
474092
507442
489114
504494
491538
497073
507299
500521
492908
487879
485226
490931
497956
508098
506260
508609
489913
496065
484450
479281
502949
504922
482055
502254
499654
503896
471199
512696
496576
504328
490682
497481
489450
488482
509554
490029
500653
508687
463139
487473
493378
488868
463534
510041
487693
510216
514872
497943
510274
506098
503355
508642
491396
503078
504179
490553
497735
500076
490531
485829
486118
469236
497433
496793
479831
500125
508180
486282
495999
491228
486592
513783
506936
493167
518766
512163
481408
508711
484753
509702
494747
516979
469236
471794
509905
489784
492863
512207
503885
490363
490523
502984
501553
496201
529095
479923
488102
506013
486419
479965
499121
484079
498518
499412
514008
483040
501953
501055
505033
484952
509934
477530
479499
502825
513303
491384
501911
508302
509290
492952
508341
457565
499815
515346
502290
514420
493058
497368
484447
468406
496044
498197
480813
498760
468074
511709
516725
489656
499457
507579
495445
517636
496823
484317
506229
504599
496472
495689
480214
504259
502025
502853
485173
524648
511133
507327
490118
489864
492703
497473
493805
499926
514030
504446
473914
493465
484248
528255
509065
480687
500959
461201
501921
510175
482585
497780
511012
491555
498227
499783
495760
492370
495314
481237
498137
487165
512395
485964
506952
488688
495077
511480
502927
498010
509134
495969
501629
489693
500285
495000
510816
496149
510629
483321
495359
498911
460157
477747
498244
488590
493964
513888
491990
496298
487442
479617
512306
506763
496477
524129
500409
471359
495124
486108
520980
508499
509952
490351
504046
505258
495471
475756
512025
505143
515718
502530
515671
510511
525449
483149
500697
478999
485143
499991
509683
510072
490359
491639
505486
530064
486378
496351
522690
500770
504349
473756
483690
515118
481857
487213
501253
503925
521308
502731
490462
493576
491834
505504
498025
498826
498222
503836
460620
497827
504632
480816
492923
483170
503001
477514
482424
494296
486026
481024
521460
496638
492145
510760
512720
496845
481392
504596
508132
501725
509575
473304
501721
484751
498344
539539
518070
499451
505064
513425
487938
479819
496358
509467
486418
493585
490861
495310
503312
508160
505070
478863
502046
490649
501191
487896
469209
506299
488756
503192
503709
496629
489560
487728
496933
527741
480936
493253
504177
487465
472819
487090
507918
512357
496641
496793
508816
496572
483281
498507
496335
476479
489087
475652
500313
490037
508066
487477
482283
466858
490875
500529
490719
533019
481740
488459
516694
485108
506406
493631
504894
503121
477945
472223
464799
497086
492454
508320
495006
500141
501550
491973
504989
470965
493014
502239
473364
513644
507771
501098
503794
478516
500078
491655
529765
511274
501889
502769
517235
493834
504045
490123
497453
488500
483809
507604
518073
475407
497263
505550
506623
495618
478626
481596
484703
492179
497699
482304
492784
502228
513068
517982
488389
493781
496028
497269
489032
476915
468083
488751
508251
521985
490588
501333
475362
465021
513070
484372
503813
485860
484201
475459
507901
485265
526091
491016
506597
482562
489514
506286
485451
501599
503535
490165
497814
496869
485459
499403
493506
492819
498109
499106
497926
515709
478404
485335
479545
510917
495445
489872
508880
496411
514009
478549
469207
485630
522638
517661
488288
499658
483706
484260
518407
481916
504753
502588
481930
483835
536609
488691
481871
526703
496757
487521
495547
496713
493148
504320
476500
482796
495518
481329
498353
476704
535131
504889
484483
497738
501451
500195
494065
500240
504204
494075
481053
476717
497816
498896
480706
485686
505951
484131
493930
517469
491486
501719
515461
487352
483370
490675
503346
522838
495381
517756
505130
487441
485356
480786
488057
476844
490486
484532
482505
506061
484542
479683
501543
494074
511691
500790
480606
506260
479354
476739
469107
473584
498978
498753
496997
504035
503910
481102
506222
488431
498388
484322
499872
492640
489639
491224
501508
502605
515012
503963
485654
503649
470831
507400
520901
504192
498143
497804
487533
472975
485439
488401
507728
494000
488671
488294
477666
470025
488936
518421
493386
490069
504419
476672
475093
476799
497794
490848
503137
497346
503048
486349
473210
474372
492697
517360
471454
498367
484716
468647
484843
521392
499335
512176
507697
498628
488494
490106
504015
493363
485868
489123
503304
477933
481815
505677
490355
502208
477572
500830
498715
487521
492739
486767
508382
489644
502848
510186
494191
503551
502091
462493
516625
487352
496458
486674
506556
511720
489383
474212
495152
513210
512682
482231
500717
487846
471998
477662
503921
503493
486864
486923
494443
500620
493960
477867
503555
468130
488969
482563
510020
510549
514131
495614
501577
512134
484851
491782
529746
511672
509915
473737
482462
474674
493461
501515
486164
502521
503293
501655
498549
494026
504386
496734
512314
500843
496154
486175
486715
526958
481125
482569
511576
498730
493651
491964
478668
503843
525048
515556
524603
488636
504960
468866
508681
493112
479904
507640
481984
476855
485434
486247
486889
488945
494419
486352
505137
485650
519739
485009
522955
503177
487467
483936
515921
494552
473496
510517
490266
482658
481708
497865
502251
490261
516725
477803
501226
500325
499000
505723
513578
475756
493783
468873
526194
475004
505830
482162
499120
491455
481828
500529
480668
504428
503526
500098
485886
495230
514186
507234
495564
477340
487987
523795
492845
494016
490606
514549
483038
497869
499399
509726
486100
512372
491917
501901
480924
518273
504561
501211
463609
485713
502679
508531
504758
501835
485630
501466
512144
475857
477877
481462
492521
458494
482082
512868
490655
491150
501096
501050
506673
495939
512322
506281
493840
503164
490970
503385
481725
499540
496166
498626
525731
489152
495356
495577
490192
500489
518965
467966
477220
493729
485134
507140
488266
512812
490249
490283
490753
498180
472343
496286
499814
494456
492918
468652
485676
494103
485553
515695
518942
516920
479215
481237
485615
480004
482884
481340
486956
503103
500408
501261
478788
470809
473955
502931
504539
508911
495958
490327
491780
490712
486308
495113
527965
484631
468722
493663
465962
502853
502152
471809
490288
517286
498958
492420
483158
503259
505647
512616
509693
513610
474496
508698
508590
485224
494554
513577
480478
468514
476055
467110
496588
484965
496790
511477
485435
483774
493471
505692
497733
505502
502452
501500
477436
473533
496899
495555
472111
490533
498942
500961
489282
506034
488788
482120
498152
503032
486964
488889
493749
498713
505303
513063
486087
488593
487645
497783
529172
475095
495196
494924
505530
516609
461692
485928
489284
513263
520998
504587
499724
491834
514429
484331
493907
497696
499895
484754
487249
511388
485428
490714
494934
479484
523001
486677
513144
467164
464845
480945
523221
499311
485628
501183
499164
506584
488951
501872
493443
490155
498268
511973
513973
508217
469972
486529
493728
486839
502882
507749
494249
471618
482432
480986
490634
484280
487442
472453
513192
511883
470948
475924
493198
515611
479931
514193
487142
501221
508132
485766
490376
477243
492439
495714
471448
495104
501508
473943
487573
503606
499580
478020
489740
491545
481737
523300
472714
489827
477735
483169
493872
490802
495627
491901
501233
502010
511823
493064
470573
499676
505460
493767
480987
498914
509674
497104
492270
480361
491215
525402
504779
486114
523227
494420
466438
501902
487817
491175
486747
489298
497762
491211
468234
508890
487210
491840
513909
514694
523371
495202
488908
473583
510807
505050
501237
501462
492653
489089
479302
509671
498479
475922
481752
492351
500963
479515
495652
506064
488553
496202
491134
491197
488905
499532
520103
493416
503595
490782
525392
500753
508726
503648
512454
473723
483345
487416
490254
471633
505422
499387
493659
505196
490166
488771
490697
505934
475800
488345
488673
517727
472431
471004
478121
498207
500478
507151
512180
477244
481908
493727
484119
502941
480043
511562
511176
489725
480637
491445
511820
502446
480375
486923
498501
511707
490522
473164
496785
488028
519641
498121
494352
514439
499198
489391
497434
490625
504973
471628
537419
514401
473083
514903
481714
487109
507827
468898
497024
495663
513347
494016
497760
505040
507180
513214
483380
511203
478983
506115
492014
499626
486486
495428
501560
510828
500465
497222
496294
482871
491869
488549
498813
488799
506705
459594
495880
479841
515814
476160
507535
497950
491294
513125
506682
495386
502389
510328
466424
481323
503092
500400
473840
511202
506917
517942
498245
485395
499290
495389
487692
478515
479329
499752
473878
516119
519217
511031
484490
493929
497337
523352
485213
496533
477771
486700
507891
498729
495430
503835
479874
489725
496061
489843
484225
503098
498375
488348
492747
493855
507551
478828
505093
444301
475051
488767
488146
517030
486527
498203
507422
512084
512010
483329
476600
519145
483374
506522
501137
488001
508091
487316
511420
506160
497514
492707
492833
502940
490869
492704
477361
510056
486655
501821
519527
496621
496235
499599
497947
462344
506693
476731
502888
479793
487393
507832
479881
492622
492955
505725
490386
497664
504743
484109
480335
485514
519690
489266
514615
511313
482062
519178
478067
475460
497661
481343
504548
507704
488873
507153
510824
497181
498885
510011
499333
502098
496066
487093
502000
496653
480116
498386
501285
492052
485618
493341
486775
509342
466995
490507
505757
487125
477094
487308
494110
521565
493745
518315
505245
501558
496610
510662
489946
495661
512065
533081
498605
494189
488315
507285
489677
498316
497554
502340
489185
481094
493858
489407
483634
515078
498199
513740
491031
516370
491886
477265
489227
497426
497561
496307
501812
500523
496292
496044
496659
479154
477534
468875
503984
511968
497791
508809
488879
501793
476281
498057
496368
489575
499206
462088
514102
489483
485476
479823
484225
494384
515770
482825
479450
492502
492428
512685
491178
489027
496520
490112
518849
494696
493224
505011
513898
493485
491160
509334
519235
471890
513708
515819
505635
510493
485624
481955
506898
487020
504235
473328
498819
500060
499349
494186
495859
491122
488996
511780
496580
535254
502268
480989
500860
510080
515544
494737
486203
496621
496902
498418
504425
497828
469178
494752
513160
502998
518048
499477
505001
483327
498227
489505
490380
479198
490030
500451
478732
511119
476409
495789
484481
501306
476574
494716
477728
480595
502827
507457
518974
475776
510528
528410
489452
481843
497348
507059
533464
486732
497344
486075
497178
517575
506073
487538
501556
510335
491434
488689
501213
481824
497343
498325
496435
487101
479701
481449
486930
495464
500530
502518
508738
500089
478275
485451
498639
482978
482217
496387
519362
526557
510302
460645
489400
498214
494531
482042
483087
485759
476307
507301
502582
481721
493066
475808
481532
492753
492189
485009
524463
475965
499981
487754
469131
501026
521093
519041
484930
496349
499713
498280
494837
507071
462832
498357
476124
492622
503849
498167
488077
497972
497320
462678
500072
510112
472368
519235
495762
510962
496557
496097
495933
489912
494269
501598
486710
514981
507402
505081
483506
482197
500959
480743
486836
486839
508725
483447
481231
512131
471290
494031
492879
485088
487368
485983
498925
486762
481841
499648
489038
514760
482375
510123
502306
505103
489010
500095
499370
492987
484937
468501
511108
495658
500377
505035
492955
481725
495973
489433
496177
488504
478054
471427
495472
502849
482902
499620
504632
509835
503899
467920
518145
497341
481240
503001
486201
492132
494900
496959
493326
467014
490815
491706
513807
498101
495872
482897
473423
477520
482079
459857
502420
496597
508460
494189
524120
491141
512591
496927
479159
489840
500825
462430
518676
490581
499866
482846
472023
500434
485124
474507
492984
512856
480365
515672
502701
495342
484113
480645
493419
515123
506513
505497
491338
458454
514265
537569
495608
493249
489755
498618
489655
486661
494176
478125
474882
478680
467585
508659
488430
500866
479717
495679
490020
452575
495894
491759
484537
485913
476540
515173
513406
506049
500351
518415
484742
480191
486566
505494
516012
498611
500111
476078
514210
500035
490875
491242
506926
492479
487791
502043
479853
517777
499987
500919
487187
493913
509560
505921
502638
503294
493937
490587
486845
482825
489119
462981
509911
474673
507530
519559
500728
501396
513985
487417
487410
497095
507474
477435
497277
489653
476225
503367
514342
471715
493282
496215
513575
527351
497643
503086
521478
495768
475843
492089
497638
507017
495808
488751
502282
517086
483106
500193
498646
514305
470877
490264
497196
511129
503596
476419
491899
491267
492281
500761
493975
510827
481518
492985
489009
513781
480053
479679
478653
484613
505391
502291
490840
490174
513892
493140
497977
492617
491893
517700
495841
499193
493824
482885
501128
529349
489471
486197
499022
479339
500516
480604
493532
481971
501370
496984
492925
503800
489037
480006
488059
507524
487647
495834
486237
473946
496652
481399
501597
486055
493006
516223
507563
481582
489010
492351
489450
494582
500996
497904
491444
502115
495648
484515
479199
517591
485282
490413
487272
504865
492738
491444
502364
511211
496270
493674
497395
504627
498139
489763
487039
526138
506303
490661
501317
504525
492529
496363
528950
504743
502174
482966
507935
517773
471237
487214
483410
504964
485977
490059
488243
490328
491564
490856
501522
510719
476309
469327
497481
478824
486170
495995
504143
498839
504975
511988
481089
504993
514704
485286
480615
487333
473838
497248
499136
494806
499241
518187
492364
525884
482533
496546
488832
494861
522768
498502
482109
522584
491456
471217
501984
490779
504484
493732
499200
479627
476325
486990
499258
519601
519442
492696
491303
493708
490977
506203
516216
502498
478318
509658
510785
516587
477658
516846
497672
507979
503816
509663
504553
498623
500604
513450
518406
500068
492589
501110
520710
509593
490822
467529
528086
504123
505291
501530
514140
526130
481901
513013
488465
515619
487591
506658
506228
473801
515387
507655
508116
498069
509778
505315
489203
481262
483063
484758
509645
494603
511220
494855
495665
503087
492530
482460
495944
455489
510712
497652
504950
454658
502572
517757
485850
495936
516964
531005
500922
483386
508508
502241
493117
504849
468577
505000
507834
517028
514329
508382
502774
494169
514432
497553
527769
482656
506948
503085
513684
486580
486756
495941
495109
458663
524774
508121
493238
503827
485063
484003
515245
476748
495572
479742
506024
518904
514698
496602
506584
481165
511795
493806
512134
499949
520019
478345
502214
511013
479855
461090
474749
473779
500587
463691
488588
511691
510468
509471
490493
507154
508867
484096
497547
492656
493899
468401
484645
495644
489385
494422
509382
484480
503832
496912
509187
502592
509304
491552
472319
500386
482203
529388
478944
502674
504621
500472
479366
496749
521922
482577
508855
502108
502425
486696
502591
520940
499759
495338
499419
531437
502017
505410
497386
511489
499179
472771
494397
500896
465930
498311
484219
491700
485830
505087
504831
497949
489874
496461
496991
500650
486041
512438
520794
488053
488630
497796
486622
505994
502929
479200
494909
493415
493049
482397
490563
503727
492538
502047
496536
499760
486364
497876
493069
491827
526070
476890
490431
497305
486802
504921
464172
511157
478519
493655
513625
518213
498593
484773
500235
506588
500813
475664
503465
482864
496729
518901
508689
510645
510371
501626
474215
492558
511287
475892
506153
504647
480103
492445
476372
499049
502666
508688
500655
503145
498247
508127
494316
512331
499275
472858
499539
499985
486986
485017
461060
484261
496662
513392
488252
514500
486392
497641
509752
498745
511008
490687
513185
499736
519099
518675
510834
483696
481237
492188
515496
493946
496978
482928
487757
490255
473448
497588
491267
471522
509870
497292
501245
504775
492961
507693
486016
487325
519646
502556
494049
502285
486159
475570
489637
499796
502929
475920
493966
503145
510018
492579
483889
503805
498069
511729
495253
498252
478266
478364
505777
478817
490022
513814
497579
470405
506376
468809
494974
481743
502492
498330
487141
494664
514963
485959
494277
481837
500219
493700
504523
507409
500944
484852
505452
484679
496707
481087
485531
492458
519462
498130
510196
491854
497862
467123
497388
509670
499424
482371
490212
508137
503920
491121
514697
509792
506949
485519
499892
496541
528661
484236
488794
498453
508965
480812
514848
507799
503699
473757
485556
495881
528030
505418
506969
487169
492281
498965
511713
489457
509205
513897
499461
480523
508493
472969
515727
496873
475806
500095
510176
505911
458222
484351
492463
493529
499451
496747
492464
506710
485322
509648
516378
495127
484766
506080
484847
511686
503565
493441
458938
489906
473143
511097
496992
511297
486041
508045
481737
508923
495597
480500
509305
490376
473697
501595
517338
488364
485782
497957
491703
477500
501694
511744
487438
489140
498763
494485
481197
494918
520909
494824
494034
484552
487572
484999
497923
481902
467465
504783
497788
500456
474634
481060
480519
500442
509922
491306
494407
510257
479582
488618
500697
495828
498674
494457
485708
488598
485120
492851
493942
474089
498486
493427
494563
498836
498941
518095
464935
493220
512489
507746
504590
497072
507070
483971
506800
497675
495531
494782
499816
477861
516232
478511
491313
499081
506846
468492
475592
504867
491663
481051
486009
499650
469614
492245
498286
480940
500694
508684
487209
492056
507444
499677
494187
517177
493747
482559
486904
516613
511820
483434
511788
501585
500928
494038
498274
499672
514627
509888
531554
506169
511240
486723
508685
477327
511800
479014
503555
495489
485906
502136
480294
510624
520063
494805
485214
498947
471271
488161
509702
499488
508927
480991
492839
506270
477343
497227
506334
519673
502395
486456
463729
479775
498997
511063
511914
523235
525087
488671
499371
478171
510158
489262
512999
490258
498542
471896
496695
510912
492016
495631
492344
497400
482041
518954
495771
505957
500871
500034
491073
501886
497632
494591
492638
509790
484712
465479
515403
503680
494929
465170
502648
490490
492229
486923
475020
493811
513719
517632
504829
510884
487814
503057
489367
491044
507019
500900
478238
463426
499168
497784
488277
492101
485341
493397
520823
515221
475931
473304
503629
498694
520766
500854
477366
497597
478584
505974
492029
509840
470424
500856
513104
504897
487372
500193
485691
486275
500015
481710
491660
504075
509449
498311
469982
487055
491991
501075
476584
483182
490278
498954
495257
488802
491182
501666
533331
500044
486326
503010
498089
498955
484574
497313
493443
506012
492721
520309
515047
479228
475998
487582
498015
493938
515979
490222
487565
507340
507186
474572
493729
485311
499764
485939
468041
516647
506399
505546
491872
512318
494392
493050
490871
500399
498018
490297
490276
475227
499067
511670
499854
497220
503789
505542
529830
506639
499386
510040
492326
493299
492306
488496
504252
494993
522248
515653
504544
509432
497212
498896
485678
478553
492529
476356
497286
513555
496416
505371
506124
495673
499351
505431
475586
508132
488551
473318
480957
503564
495487
507292
500730
501607
513902
500876
533066
501005
485785
510599
508385
485006
509391
484182
521074
507657
489183
507904
500352
493904
488463
504355
507804
499706
480428
481822
505856
511226
509917
498721
486250
501802
491234
501150
516605
508547
487481
499948
492808
493857
481657
502961
495482
475562
471270
512774
489356
478504
493180
476321
477431
512757
503063
502481
494045
503362
511593
484030
508976
489055
510421
468185
510348
501177
512403
505637
478254
505593
477926
510079
502618
490786
480211
494981
475945
491605
516780
479039
471415
507430
480029
507373
497990
499890
491786
500508
493459
492168
488676
515528
461924
477576
513257
506405
494349
527210
518257
512362
507626
496016
509863
497844
501881
508982
514470
497375
511786
500819
493847
514186
487790
484933
502359
489510
505875
493559
499722
480420
491812
494279
504839
499475
509120
503397
504899
495692
497930
482625
481806
472591
489482
511378
489098
512728
486431
486763
517789
488852
484231
481587
491792
523150
481794
500145
457844
490829
477443
514247
514179
503536
492189
480948
474719
478536
478879
484135
519521
486136
487550
504960
492727
505718
475747
493961
509456
456747
502366
497588
473269
500398
504385
501628
486470
501117
511574
485982
495086
480818
491685
476354
509547
489702
496274
497214
504228
511873
460772
513476
525734
485077
505412
484867
515347
497269
507233
493084
486603
507694
489619
490528
480039
491174
526691
515534
519813
473633
511327
502843
500555
505111
482029
507643
488824
501305
486827
508746
530703
502714
503599
506613
502787
497073
489969
476050
499825
506495
490758
513839
512332
496215
503032
460984
499663
505756
504976
492361
490766
490807
488270
495486
497055
500120
492289
511193
499015
503880
509747
509774
492109
503263
508585
509293
492597
504630
502244
505547
488989
487836
500013
495405
501187
486447
490406
494976
495351
516802
513168
476053
514389
520529
489619
511406
488605
501356
475316
481710
474894
518428
477401
504921
480152
489448
519699
481808
500273
507798
509000
475544
507021
502354
512906
503014
520851
483681
510090
499559
515308
488361
484026
491108
496115
507421
497040
504166
507291
520023
513817
495992
512451
528181
517227
499716
480371
498029
500878
481640
504020
496580
508998
500581
466132
514884
501884
483321
489886
496473
505772
489393
489166
520807
486220
500558
465711
484625
492264
480043
501279
487049
502210
482668
503987
523619
489354
493740
504795
500849
500667
479095
474495
486236
498602
506112
503706
508581
506716
503509
501317
460678
500846
510021
503280
500115
507187
507464
502517
487721
488286
499181
488324
501476
499001
487386
497356
496908
507072
460379
471251
486352
497166
483710
494978
498896
497877
512760
499832
522998
506064
502416
520925
506366
490214
491937
499042
513758
481135
467394
467706
524470
484242
497765
497751
505351
487789
496018
473174
507910
469185
502315
500682
483490
478600
494818
483495
495023
503517
471424
480478
516198
499548
498920
494779
507221
526459
488182
520116
505061
493826
477250
478098
497951
501520
490619
479418
479716
507806
482102
483457
489038
503080
472023
479783
497888
497047
493781
473853
502736
507814
469153
473099
494890
515298
504129
514740
501475
504050
508018
491930
525021
489553
473499
474069
484355
521983
493123
510735
483834
511008
514253
493232
480535
474083
478327
482585
507978
470880
493960
463914
495630
494647
494834
475082
492248
460530
515487
503892
498004
498350
483598
482596
478524
508899
475549
489955
493771
497634
488567
489115
492683
508620
501439
497526
505006
501560
490004
501437
507786
502843
485917
494257
515678
498652
502787
497780
504824
500658
480400
523226
495517
487234
511430
488244
499624
475077
513459
494900
506716
501663
503769
510767
493279
497424
486984
490248
527549
501799
526549
504525
491661
501813
526507
472508
499472
472188
490623
498353
502011
462399
490832
482992
495876
512254
492812
502059
475765
494802
510800
484324
484392
511229
487528
497701
508945
500713
510706
479152
479345
493119
495387
487822
495031
521062
524259
500680
511604
494628
477458
487458
507110
520304
507864
496768
497413
482770
482108
474613
484305
485907
509263
509274
489630
501261
497660
472971
490479
526892
503372
517404
491534
501854
493069
501356
510821
484389
472485
505934
496244
497410
523920
494695
516719
490837
478743
513311
498058
509842
493003
494533
487284
488951
491670
517213
470722
507282
516139
498249
507646
473213
486035
516034
487358
490876
472214
480342
492719
484042
490448
510431
480605
489529
480781
487750
520283
485087
503964
481729
504587
505375
474647
471650
500870
515339
517533
516502
485192
493555
510227
509810
497577
523939
485977
471933
488458
492730
522193
506805
485491
501920
487726
496083
488910
506396
490912
487678
490284
505075
510678
504380
499686
484991
505247
486511
531846
483375
505741
510188
497757
497797
496183
497822
478967
476862
514746
489319
516469
511157
495683
478334
496216
495714
492964
496028
474156
509562
476538
470336
502150
485047
500472
470337
491097
515292
475444
501148
487887
482519
500582
505334
525236
484679
478670
503176
507394
491331
506152
482538
500122
492519
497498
493701
494172
523680
517638
494054
485080
509217
489434
497667
523820
499012
505599
471557
521030
496439
492503
481438
489010
497209
509770
508809
492461
499693
493890
508493
464491
502083
492666
481519
491534
499741
514648
530841
508101
497331
487963
478680
490305
502360
471717
506942
498758
502710
503935
516374
494039
475531
511888
496315
491387
464658
484334
490275
489942
487763
496741
475522
510629
495673
527204
491349
507414
473203
503792
479698
511476
487844
494952
495428
509719
488843
504048
495493
495911
487660
503423
492106
493378
488220
482440
516045
470629
509707
524536
500597
502639
470690
513131
487559
505582
468996
482706
472329
504988
476900
525981
476772
493288
467795
497698
485025
505126
491040
480008
498940
503870
491323
494888
499230
501954
511162
509529
512914
502407
467487
477557
489703
509817
477657
494946
479666
480065
481928
514244
491004
502274
501162
502211
498867
515535
500122
509379
509487
489748
516225
502086
470136
508348
491307
526364
499046
491353
486836
488962
477621
501655
512798
488149
478433
495034
485650
517183
474251
496585
496797
486415
496835
508584
513807
494463
504939
504445
486988
492913
519565
482407
512665
514349
471971
509586
486818
494543
482427
486281
505509
509988
507202
496953
498103
482546
500815
486778
494471
512698
504092
512431
445035
499735
483660
483807
500470
494388
496400
496389
474314
474583
523045
496153
509028
484222
476569
472799
506295
501293
476039
474937
501781
483899
500626
506308
477786
506300
482790
507383
492546
496155
490894
477035
507963
506678
495012
488108
494804
483351
491551
496303
494702
486459
473978
469974
472935
530970
497319
490329
494317
471429
485055
498448
490927
514956
484474
477537
499929
488390
501943
500727
489782
482777
505940
507925
513802
501305
498908
502976
517146
491875
491354
503771
485930
519815
492961
494801
485642
464802
504745
484192
521291
510290
482488
489650
482795
519809
494562
501744
501663
476307
496931
499424
512082
499206
504229
516497
487041
518672
504767
505393
494306
510349
505765
488218
511011
499775
487100
489980
510844
480043
497172
518482
514406
491860
493345
499977
511633
510420
516834
521020
508269
484934
468758
480279
480137
482265
496842
496517
502559
488427
507072
482386
514259
495427
505065
532401
494050
499929
500244
506412
499842
517969
473411
494133
483174
511068
494174
487296
476875
513815
499933
526770
490419
466276
496511
493987
488006
496909
489551
482884
506330
496390
464881
496319
480395
499837
477340
487997
494824
507143
460297
490402
470484
492825
499906
499005
484158
513801
481967
481354
480970
491381
491797
490355
500832
505427
472143
508679
493287
530077
502041
486499
506214
484590
487169
509558
484617
513444
483550
468785
502234
498478
534569
481897
487606
493796
474601
494493
496720
518954
491762
499847
509581
486062
494429
480995
507751
467065
491918
485898
490397
468503
489581
480524
492751
492440
489628
518020
478839
478970
491170
497696
482168
510022
491125
468776
492668
512522
513583
470837
491331
509596
510337
496629
480975
509533
484485
485271
501951
492206
504596
475531
490591
499030
479875
473918
502758
510611
528793
488705
489257
517383
494775
490600
508881
512107
493719
496996
495978
487995
496382
492691
486994
501407
515874
500929
487193
513601
514328
500826
494268
482740
481874
504887
486926
498370
494744
495885
493419
491525
502618
493713
502513
490875
508664
493540
488911
485426
499909
486875
508645
497128
503839
524272
503305
491499
502231
512755
483570
471469
497932
521123
496491
478024
484937
471568
491846
492435
486238
492523
516310
484931
515842
507028
491826
490564
485002
487945
490756
495114
474589
510949
510046
502118
506275
476547
492152
481065
495973
495680
477844
476499
486307
523969
485247
498991
493974
493346
492127
520064
489841
525221
499249
499340
486654
501109
503391
495791
492915
502576
503131
503300
481518
507608
496991
487745
506709
515195
506564
490641
533664
504451
494782
498405
508565
488055
483842
522325
504251
458517
499480
489435
481315
491833
510899
493428
499643
518941
505766
491424
506747
512436
512929
494741
503095
513315
501296
489510
519940
502457
509070
506054
506196
472385
489535
506802
490972
492444
499165
496126
507644
479762
467660
493688
487471
523052
484068
499744
485118
507786
481867
494599
505290
516772
469409
480313
496056
498276
517162
481012
483933
482752
492907
508822
502607
495232
489100
510335
473261
488945
476649
500245
501717
505035
498156
485327
492327
471943
496406
486708
471721
502853
511612
476792
461849
497393
489687
525428
517354
503013
512375
472112
509756
496737
496009
497057
465350
478794
502253
471326
499726
491333
500882
516093
512158
500069
477821
500097
504694
473571
492939
465598
511964
499524
466069
485768
493623
486224
500701
493890
500999
473701
510619
496451
459826
512817
485059
485264
486914
514030
520884
493650
505398
493202
488210
489932
469431
481097
507594
495888
484582
507612
513697
482643
485800
490045
519349
501075
498625
503524
492794
505913
492644
498966
510338
505477
516058
508430
468144
479010
470719
488810
486542
487990
481342
502257
471209
502061
489516
504241
487784
501078
495766
471772
475423
475727
512321
516587
500044
483815
500831
492771
485814
511007
505833
527521
507274
487166
489711
482974
495154
488840
491705
503118
499467
504224
503019
503279
484676
479580
501952
478071
532851
499658
485599
497059
529886
495804
506953
492983
487828
497500
473639
477586
495931
489876
491499
495505
505145
493630
526470
478311
488136
494197
503763
494723
502748
484797
509020
516013
499120
504745
501674
492934
481383
486984
478804
493895
492379
501985
514245
486727
483032
495108
511760
497094
504735
483714
521079
493038
509999
495527
459555
480745
501406
513955
525395
497777
476870
465612
496913
497639
505163
500991
501402
479725
507388
495906
502595
528340
498275
491265
472052
499643
480362
500414
483672
511618
506824
486403
482168
470709
489370
479031
479987
511579
490521
498176
483111
500394
496807
533590
492420
491516
483521
517257
510443
502358
494185
502831
502983
481166
499065
500230
464093
496554
490924
492679
477174
527058
473529
493566
514482
487218
502115
489292
491056
505961
477184
482807
488501
517190
493956
486443
500611
489538
489649
522157
485067
502518
517717
492937
507732
513021
509890
487279
488200
504685
484974
500730
490913
504853
481753
488999
475908
476473
493726
495593
476349
502503
488794
477074
481546
478742
504252
499181
487892
505455
478142
473997
499822
507130
498814
512655
496365
495151
508138
498273
496308
514100
483962
505332
509403
505075
498972
489457
495990
485927
471524
476608
510229
501001
485903
483645
500875
479050
492193
500221
497916
505517
500413
500749
497716
504027
499535
475545
492325
513426
514185
493259
497631
496231
484505
495501
501420
516178
486886
511612
486420
494208
490487
497617
484042
515280
494788
491588
495466
484776
498180
489300
487281
504718
500291
493866
495849
514873
502482
473694
523209
501617
505317
508943
495477
489281
507946
474708
472810
496546
489777
488424
513704
455735
496271
486809
494619
493654
516983
497219
481732
491362
493268
497129
498451
498313
511995
502860
480548
488457
484219
514576
493753
482983
488906
476475
480788
491079
541299
493725
493387
482309
521187
515147
501383
487749
511965
501401
491108
508859
508024
490873
497372
488503
486374
493250
494151
486557
505176
503016
475398
483085
500675
473451
517805
490186
499278
501651
503373
482865
502436
510283
503028
481651
490606
491008
470373
498598
491438
496253
496051
456322
476291
491544
505082
481451
499356
485699
497312
516753
481577
515877
485179
507438
486924
486894
489771
