57826
59690
58208
57299
58349
59173
60080
58856
58799
58977
58776
60377
59717
58763
59570
58892
57706
58879
58428
59129
58637
57785
57548
57497
58614
58889
57572
57101
58037
57788
58170
60109
60210
59719
60003
58719
58193
56633
56732
57479
59329
60464
58225
57324
58188
57762
59003
58334
58738
58075
59910
59516
58627
59627
59115
59084
58678
56971
59135
58979
59099
57719
56388
59316
59168
58459
59119
57419
57490
59110
59050
57540
58658
59536
59446
59600
57923
58812
57969
61167
58345
59461
59224
60103
58968
59459
58835
58556
57506
56929
59644
59812
56273
58921
56570
58623
57470
58840
60623
59787
58400
57831
58172
58904
58664
58638
57635
59362
58873
56286
57626
59909
58731
58801
58885
59135
58859
57925
56802
58400
57624
58976
59050
58678
56912
59600
59327
59067
58317
58038
60161
60285
58723
59304
58265
59364
58792
59876
59328
57497
57555
55856
58846
59610
58640
59098
58216
58615
58396
58793
57504
59582
60256
57082
56961
60214
59355
59201
56832
58008
59632
59725
58817
57444
57807
57192
56327
57759
58992
59060
59970
57707
60428
59223
59099
58749
59193
57567
59091
60111
59094
56178
58736
58751
58811
58489
58282
58222
59604
59711
57738
59951
58054
59628
59642
59755
58867
57471
57404
56758
59813
59108
60186
58055
58932
59161
57616
59374
56643
59869
57867
59982
59414
58432
58785
58057
59489
58287
59332
57946
59012
58619
57700
58323
59507
59646
58773
57927
59092
56483
59143
57446
58511
57340
58562
59186
59610
59131
58753
58536
57009
60283
59726
58384
59115
57683
57655
59728
57778
58801
58657
57565
56992
59151
58590
59066
57942
57138
58639
59086
58596
58619
59215
56901
58271
58440
57184
57201
58325
58212
57557
58211
58877
59629
57970
60283
58462
58372
59365
59531
58727
60373
60352
59942
58056
58342
58757
57187
57851
57294
57708
59205
58524
56700
57916
58484
56399
57389
58504
58943
57714
58430
57310
58385
57802
59075
58519
59039
59004
58553
58323
58325
59252
58309
60076
58431
58154
59537
59366
58445
57689
58693
59986
58214
58687
59334
58913
58155
57841
60384
58592
57262
59923
59764
58504
58969
59819
58241
56894
59328
59731
57924
58803
56218
59800
59462
57142
58381
59939
56164
59845
58262
59331
58219
58581
60145
58436
59698
55636
55578
57967
58595
57752
57110
59318
57850
58276
57503
58592
58395
60019
57760
59125
57936
61224
57308
58822
58682
57520
58609
58010
59204
59970
59585
58647
58030
58834
57917
57484
59116
59292
58389
59113
56163
58339
58510
58788
57955
59243
57738
59488
60539
56461
58242
57740
57943
59806
56650
60438
58422
57533
57371
58192
57450
57913
57299
59552
57838
59505
60461
58087
61188
58612
57570
58704
58989
59296
56345
61902
58157
58461
59233
57806
58339
58640
60778
59138
60056
58044
58098
59419
57952
58861
57060
56835
58082
58891
58208
59019
58242
58499
58670
58652
58114
59011
57901
59154
58511
58201
58376
58719
58418
60197
57566
57631
59857
56783
56806
59442
59081
59937
57290
57056
58695
60255
59618
58955
57504
60717
59938
58804
57645
58748
57052
57617
57525
57840
58497
58552
56596
60747
57460
59725
59926
57902
57083
59352
58406
58181
59762
57993
58103
58932
59162
57798
57211
56729
58314
58110
58337
59249
59734
59182
56620
59764
58818
58714
57834
57545
57488
57190
59483
57409
57483
57838
58054
58468
58892
58201
57444
57058
58309
56699
56443
56262
56521
58813
59241
58422
60250
57417
58642
58496
58736
60359
56645
58413
56929
60267
59572
58257
57610
57156
59567
55929
58232
58944
56358
58813
57766
56355
57514
57169
57151
58981
58926
57663
59287
58117
56313
58430
57717
56589
56933
58417
59709
57227
58267
58076
58139
59430
59051
59294
58984
58328
60858
59151
58421
58675
57935
59302
58658
58644
57911
56647
60148
59455
57868
58229
57505
59004
57176
59339
59068
59348
59653
57222
59568
59388
60640
58973
58554
58824
59649
57654
57748
60367
57830
59587
58461
59885
60091
58426
57774
59513
59488
58881
60410
58208
60435
59867
59176
58237
58255
57509
58964
56622
60722
58679
56893
61015
59940
59246
56440
58630
56681
59881
56939
55951
58842
58843
59428
60332
56835
57682
59328
56120
60000
58058
56775
58245
58630
58920
60213
57912
57905
58702
58708
58288
58941
57410
58446
57593
58317
57947
58640
60356
57393
58334
57656
60519
58266
58029
59630
55796
59597
59000
58010
58013
57744
57951
58801
56038
59867
55274
58908
57989
59873
58045
58709
59335
58102
55419
58041
58771
58927
56725
58231
57770
57384
58013
57529
58763
56978
56717
59059
57038
58451
58685
57716
56571
58458
58357
57918
58777
58965
58065
57791
58962
57891
58187
59265
59047
58754
60375
59931
59480
59668
57752
57653
57071
60309
58467
56271
58828
59286
57579
58342
58202
58796
58188
59246
57458
56565
57338
59841
58616
57816
58462
58139
60350
57547
59507
59478
59118
60328
59735
58455
56211
59226
59703
59738
56842
58526
57655
57458
57312
56239
58717
57023
57697
56909
59624
58186
60466
58810
57558
57236
59271
58178
58052
59046
58291
58666
59588
60099
60203
57640
59263
59345
58445
57791
59421
59083
56858
56728
58376
58710
58722
57845
58192
59909
57108
59444
58405
58436
58040
57599
58555
58631
57888
60234
58206
60719
58850
59847
59419
59324
58703
58860
58637
59350
58233
58810
60825
59950
61724
57531
57515
58993
59754
58088
56437
60178
58220
58240
58283
58195
59034
57898
57644
58286
59301
59110
59331
59359
58537
59312
58141
59401
59215
59226
56458
57617
57738
57925
58690
59915
58163
58353
57385
58303
59657
57931
58815
60752
58617
58658
58553
60339
59892
57956
57706
59687
57871
58740
58522
59917
58264
59018
57636
57895
59327
60107
57845
56734
59768
57233
59026
58725
56360
55923
58539
57317
59152
58783
59917
58815
57246
58906
58888
59382
58751
59009
59771
59603
58849
59185
56635
59325
58764
58342
59051
59022
59278
58187
58026
56531
57882
59410
58032
59377
58661
58044
59021
57650
58865
58721
58639
58177
58464
57195
58374
58906
58862
60710
58115
58122
58595
57219
58582
58314
58105
61659
58558
58087
60088
59137
57794
59160
57995
57226
59657
58478
58673
58866
58651
61156
56571
57874
57291
55896
57523
59040
57455
58313
58104
58410
58476
57431
59978
58410
56647
56726
58914
60138
59848
57291
56515
56433
60372
59019
59308
57377
58991
58559
58822
58156
60089
56782
58195
58360
59980
57488
58115
58042
58579
58280
59584
56163
60230
57102
59451
56794
58136
59105
58216
58997
57900
58676
60570
59532
58727
59323
59485
59450
58581
59078
58075
60316
57734
58484
58502
56590
58798
58539
59330
57605
59222
57865
57446
59635
59534
56754
59508
58090
57485
56265
57947
58096
59532
58875
58108
58871
59196
58966
59269
59301
59119
58585
57842
58673
57659
58802
57064
58338
59578
57836
57962
59570
60232
58371
59885
57966
57146
59593
57920
60401
59282
59728
57960
58679
57938
56965
58674
58945
58429
58309
60075
58750
57515
57759
57179
58933
56988
58719
57924
58405
59663
58836
58840
57587
56435
57000
58632
58706
57289
55731
57123
57604
57695
57965
58346
56489
56940
58040
58528
58204
57134
57486
57043
56833
58042
58185
58036
57418
59587
59207
58936
57818
59060
58669
59153
59571
58351
58623
57083
58098
56440
57037
58007
58057
58233
59485
57786
58241
58301
56821
57376
59335
56946
57031
57262
58254
58995
58044
59726
58887
60436
58483
58900
59937
58359
58762
60438
58902
57577
57480
58764
60047
57468
58320
59219
59936
57422
57864
59342
58416
57618
58828
58311
58404
59344
56887
59150
59740
59223
58961
57725
59001
57709
56766
56812
58300
57581
58355
58691
57935
59690
57889
60025
58219
58603
58470
58329
57053
57240
58809
60442
55973
57960
58276
58278
60253
57833
58350
59121
57694
58386
57711
59361
58071
58203
58943
58275
57249
58870
58968
60284
57687
58401
58556
59407
57650
57356
58637
59318
58664
57971
58461
58349
58758
59492
58308
57665
57332
56192
57679
59494
57965
56896
60221
58911
58538
57773
59559
58641
58254
57905
58570
59187
60278
57825
57780
58289
59272
60183
57206
58942
58675
55816
59899
58228
59306
59616
57735
60024
58136
58983
57876
58567
58924
59911
56818
60046
59508
58954
58354
58162
59911
59118
58182
56775
58327
58842
57370
59068
57912
59041
58484
58000
58535
59077
59207
60014
57995
57102
57914
60214
59482
58665
57483
58966
60524
58249
57771
58208
57881
58260
57282
57505
55255
58112
58766
59362
56967
58063
59102
59219
59002
59584
58095
58114
58805
59321
58450
58736
59990
57346
57389
58410
59206
57045
58170
58322
59874
59311
57625
57540
60371
57286
60614
59122
59277
58483
59073
58952
57988
58538
57066
59537
59490
59234
59033
58603
57568
56843
58120
57335
58826
59375
60532
60392
57204
57326
56852
57571
57385
58638
56364
57390
58194
56270
57399
59568
58223
58192
58777
59645
57435
56927
56645
59298
58767
58355
57595
58795
57544
58300
59886
57354
59486
58199
58692
59195
57760
58251
59798
58254
58319
58420
57590
57861
57358
56794
58290
58562
58245
57009
58606
59029
60834
59046
57517
60292
58661
56497
58588
59045
57842
59247
56637
58623
59073
58747
59876
56923
56949
59617
56619
59268
59267
58145
57746
58296
60039
59586
59411
59757
59578
57556
57854
59227
58669
58412
58049
57780
59221
57577
59186
56104
59159
57686
59295
58549
58882
58484
59279
57713
58859
59283
58929
60521
59135
59054
59965
59206
59144
58484
57345
59866
58680
58393
58834
59601
57775
58553
58335
58914
55854
60013
58812
59282
60032
58036
58224
59078
58249
59795
57783
57669
58285
57406
58336
58885
59390
58011
58970
59793
58020
58548
57369
59218
58890
58135
57900
58564
57907
58455
59412
58674
59604
58088
60213
59146
58628
59374
58946
57940
59417
57961
59028
58033
57844
57527
61651
59659
58653
58441
59566
57905
57585
57339
57519
60175
56443
58992
58367
58973
57020
59830
58641
59676
59264
58737
58026
58951
59124
56913
60398
56872
59572
57965
59953
58646
58059
58495
58462
56032
60203
57943
58790
59729
58770
58810
57868
57527
57887
56886
59011
56949
57121
59172
58000
57600
57317
60348
56549
59433
56522
58713
59127
57780
60893
56872
57856
58559
58505
57555
59110
59469
60112
58565
58927
57654
59215
58855
57764
57771
57911
59578
59502
59399
57462
57782
58910
58160
56110
56768
56350
58631
61022
56103
59510
57544
57753
59114
58017
59978
59663
59165
58012
57154
58603
58322
56535
58498
59551
56734
59026
58685
58645
57405
57163
60202
58302
56878
58242
58091
58400
58912
59304
57452
57114
57365
57323
57742
58241
58648
57563
58110
58537
55580
57708
57821
59169
59093
58594
56798
58577
59313
58711
56130
57863
59440
58058
58142
59016
57372
57440
59383
55877
57652
59445
58953
58865
57638
60680
58259
58345
57312
59138
59665
57882
59039
59480
57027
57681
57260
59783
60450
59527
56928
58896
60051
57270
58358
59259
59069
59044
58099
58519
58504
58823
59180
59639
59437
59022
57736
56782
56956
59013
59203
58387
59954
57167
57755
56506
59113
59065
58431
58149
58680
58504
61466
59248
57793
60233
57913
56855
57095
59500
57864
58683
56766
59726
57624
58926
57101
58782
58791
59819
58488
57606
58818
57954
58700
60076
58513
57597
59413
58617
58565
59973
60323
57264
56997
57884
57948
57920
59131
58193
57248
58144
56728
58279
59293
58388
56917
58637
56045
57875
57947
56911
56782
57308
58447
59194
57960
58142
58642
58354
58602
58593
56597
57662
60393
57735
58352
59114
56823
56839
58513
58972
58619
59844
58491
59799
59494
59198
57892
58410
59301
58391
57908
59533
59423
56939
57248
56424
59250
59656
59388
58859
56981
57784
59768
57326
59243
58103
57158
57447
57654
57665
57875
59894
56782
57312
59023
59198
59508
61110
59796
58816
58277
58857
57068
60210
58376
58495
58919
58716
58007
57888
57336
59529
56168
58013
57201
59606
58357
58915
58992
56249
58833
57412
59247
57734
59133
60211
58729
58775
59115
58721
57761
61365
61305
58404
58413
58838
58248
57071
58875
58041
60404
58005
58222
59146
60598
57843
58575
59061
57359
58696
58107
58986
58324
57024
56819
57406
57811
58374
58921
58695
59272
59205
59879
58211
58004
59180
58614
58012
59144
58262
59273
57854
58419
58807
59372
57984
57969
58567
57864
56149
56302
59271
57145
60589
58891
60270
57986
58958
57114
59804
59118
58911
59654
58797
58203
57676
57880
57884
57078
58367
57788
59306
58954
55103
55897
58692
58530
59680
60155
57767
59052
59170
60000
57845
58300
58636
56250
58613
57421
59837
57149
59309
57340
59709
58054
56915
58754
58361
58560
56892
57488
57351
57288
59616
58569
60802
57609
57695
58098
59904
58798
57803
58344
59316
58110
57279
59520
57919
58152
58271
59542
58865
55874
58482
58579
57094
58010
57386
58424
57652
58583
56280
58129
57645
57721
58635
56357
57514
58303
58638
59288
56846
58598
61254
58540
57653
57199
56368
59134
60131
59339
57836
56523
57107
57643
58018
58210
59337
58983
57934
59453
60824
59178
59638
57377
58621
57552
58542
57885
59507
59314
58558
57995
58102
57089
57906
59487
59678
58918
58237
60411
58277
59321
57825
59129
56783
60069
57155
59821
58385
59706
56030
57954
58183
58417
57392
57071
61086
58804
60608
57920
58240
59174
57266
58031
57942
58758
59184
59419
58796
57943
58882
56765
58988
58261
56651
57707
59753
57719
58879
57670
58738
59103
56911
59316
58771
57532
56476
58827
58604
58048
60050
58468
58847
56979
60272
57291
57864
59655
58146
58663
58023
57490
60529
56875
58387
59847
58146
58767
56913
58681
57206
57405
58877
58620
58088
57619
57680
59484
58808
58519
57119
59429
58925
57094
58436
59260
58259
56722
58607
56398
59271
57533
56620
59734
58770
56641
59327
58320
56993
58125
58438
59751
60007
58311
57879
57252
58602
60470
57916
57775
59166
58514
59617
58560
59484
58032
57281
57934
59580
57514
58416
59466
58218
58620
58574
56842
58340
57048
58344
60142
57193
58567
58886
55805
59160
57837
57648
58887
58888
58705
59027
60475
59835
57867
57601
58384
58723
58431
58828
58617
57461
60161
57755
59972
58312
57621
56170
58960
58737
58230
61196
59179
57976
58799
58674
56387
59853
57932
58545
58517
57848
58958
58704
58792
59032
57344
59448
59644
58473
58861
58338
57143
60186
58765
58142
57769
59648
57435
58603
58328
58377
58899
58492
59471
59036
59825
58633
59722
59195
59502
59468
57708
56983
57182
58187
59626
59838
56570
59985
58945
60686
57526
56680
58612
59999
57290
56643
57641
57974
58268
59054
58552
58210
58507
59358
58058
60458
58390
57517
56818
58976
56213
58746
59790
60051
58799
57415
57969
56884
56828
58029
58153
56967
58127
58261
58500
57099
58993
57439
59924
59324
56345
57648
58277
58653
59104
58763
57470
59069
58264
58685
58385
57117
57870
58904
59589
57999
58172
59006
58163
57096
58221
60517
59865
57479
57127
58462
59363
59102
60646
58216
58979
59560
59206
58916
57872
59972
57683
57703
59649
58309
57352
58278
55905
58882
60808
58357
59664
57085
59934
59177
60530
59039
57677
58656
56305
59793
58207
57919
59524
56638
56893
55811
58489
58121
58152
58965
56645
58676
58275
59024
58770
58906
57412
58763
57389
58356
57983
58422
58994
57086
60141
60187
59020
58989
57758
58382
59095
59160
58502
60010
59477
60123
59632
59642
58921
59508
61210
56736
58759
58001
57848
57180
58972
59608
57396
58311
60431
58611
58562
56992
60095
59718
59115
58428
58502
57752
58301
59429
58033
58267
57617
57195
59309
58671
58004
59088
60632
57278
60856
57499
58141
59052
60373
59071
58675
59029
59330
58234
57835
57676
58079
59932
58643
60060
58430
58892
55839
57669
58578
57256
57215
58365
59545
58190
58788
59043
59391
58231
59873
58992
59090
56979
58964
58415
57941
59497
59319
57814
59653
57891
58745
59196
57398
58711
59652
58087
57311
56814
57985
56319
59385
58826
59319
58751
59584
59297
59333
58735
57968
57987
56861
58019
60101
57072
60161
60468
58676
58204
59287
59095
57845
58266
57814
60102
58388
58279
57438
60650
57288
59454
57549
59373
57867
59384
58150
57246
56915
59305
57611
56589
59042
60111
57774
59704
59415
58072
55197
58207
58509
57527
58983
58031
58910
58266
56884
58066
57586
56500
59702
56854
57706
58665
55599
60291
58517
59552
58527
59520
58905
60747
58206
57960
57393
59720
57905
59846
58388
59871
58499
58104
60075
57407
58634
58304
59900
58835
59982
58697
58274
57046
56710
57978
58870
57388
60162
57835
57464
58107
59345
59146
57985
57982
58923
57597
58499
56332
59559
58272
58412
58006
57610
59689
56847
58722
58399
60315
58963
57497
60240
60748
56819
58853
57434
59433
58478
58697
59193
59883
57364
57478
59074
58751
58258
58451
60449
58778
58478
57701
58877
57978
58475
57853
57991
58710
57811
59062
56739
58837
58243
56674
57039
57026
59385
58448
59132
59635
58446
59208
56815
59740
60351
59092
59132
56851
57528
58031
59222
59233
57555
59038
57589
58190
60156
60459
57247
58079
59444
56577
58813
58314
58377
59517
59308
55777
59927
59280
57848
57162
59664
58608
59611
58602
59646
56807
59781
57267
57761
58858
57944
58350
58651
58521
58056
58613
58127
57460
58598
58142
56937
58997
56754
57910
58215
57631
58292
58819
59627
58819
58657
56766
57438
58023
57373
58102
59279
56975
57380
58519
59445
57778
58980
59009
57595
57996
58917
57712
55507
57108
57784
56442
59430
59068
58014
60267
60490
58605
57433
57907
57507
58561
58889
56315
56244
57935
56645
58564
58970
58102
59454
58468
60246
56785
58108
57973
58806
59419
61451
56015
59657
60953
56694
57187
59848
58968
58766
59248
58648
61159
58452
58382
59412
59069
59016
56503
58888
59697
58285
58565
58527
59447
59486
59477
57624
57705
58148
57271
55998
57608
58357
58415
57627
60379
56358
57663
57837
59735
57014
57936
57206
59740
57738
57420
59315
59523
58385
59777
58631
57896
57013
59776
58199
57056
61122
58286
58413
58262
57081
58820
57270
58139
58993
58824
59180
57783
59360
57848
59466
58350
57681
57949
60199
57237
57199
58380
58196
57370
58936
57457
55485
59429
55649
57211
59361
57299
58629
57174
57879
59335
58797
59598
57918
57573
59951
58101
59625
58144
58603
57718
58543
56143
60536
58207
58668
55865
58727
56912
58301
59920
58193
56532
58759
58009
59454
60421
57423
58706
58686
57446
58783
60047
58215
57300
56951
57985
60412
59451
57401
57834
57193
57024
58035
57968
59332
58495
56820
57960
57516
57714
57038
59458
60655
59072
57770
57450
57422
58972
57635
60388
60126
58710
57726
57507
58328
58188
58886
57379
58158
59054
60621
57712
60039
59234
59516
56404
59877
58239
58505
59553
59276
57811
57842
59393
57108
57751
58968
59158
60148
58577
57942
58013
58161
59788
59444
57911
58026
56833
58953
60132
58171
58487
56819
58240
58749
59996
57561
58565
58930
59089
58451
59847
57026
60234
58088
59099
58143
58117
56444
58355
58114
58787
58459
59056
57343
56439
58932
57791
57695
57998
57385
58464
58691
58049
59360
59022
59054
58226
58814
59195
58409
58667
58535
59510
58876
58456
57253
56942
58255
58070
57307
58947
57599
59947
57993
59246
60065
59379
57659
57289
58429
56532
58963
59654
57595
58436
59976
58133
57791
56954
59121
59306
60635
59623
59639
59375
58681
56898
58031
58966
57536
56654
59518
58804
58734
59022
59000
59155
59439
58304
57507
59251
57944
57092
57781
60166
58577
60238
58725
59954
60499
58735
59694
59169
60211
60007
58999
59002
58573
55934
59032
59820
58187
58768
58430
57503
58269
59418
58909
58762
57605
58837
56560
59568
58840
58091
59733
58579
58493
60656
55962
59287
59845
60813
58474
60020
59755
58276
57222
57696
58768
55538
58644
58683
58894
56927
58063
57353
58574
59337
56365
59156
57512
58554
55878
59497
59669
58879
57734
59123
58335
58912
58712
59084
58600
58607
59679
57748
57562
60501
58040
58443
58663
58827
59959
60059
58409
58511
58522
58172
57351
57049
57751
57676
56845
59923
59318
57851
58544
57421
57317
58471
57531
58415
57137
57151
59351
60165
58428
57358
56143
58492
57025
58084
57484
56549
60008
58857
58221
57831
56722
60853
59904
59652
58790
58834
57508
57328
57420
57146
57658
59417
58696
59517
56705
59260
57262
58161
58276
57943
58228
58349
58709
58670
58082
60294
57670
57702
58182
58231
58425
57746
58360
58858
57665
57852
58102
56083
57656
58644
56659
58715
59241
57453
59465
59300
59913
58257
59447
57856
57759
58710
58849
60631
60286
56492
58680
57567
59024
57728
60399
58140
59138
60060
57381
57944
58451
58524
58097
57444
58997
57975
59506
58321
58049
58051
59152
58179
57122
57210
56902
59654
58209
56293
59906
58482
57509
57626
58999
57281
58507
58040
58969
58547
57516
59021
59627
61497
58226
60010
57805
58688
58614
58378
58045
58094
58721
58788
57513
59350
58777
59759
59098
59674
58728
60190
60125
58115
58273
58410
57431
58654
59377
58342
56281
61940
59461
59251
57725
60252
56005
58207
57966
56834
57455
58253
58953
56618
59684
59214
56986
58193
59599
58138
57829
58138
58436
57692
59569
57384
58716
59481
57698
57120
57151
58803
61047
58801
57537
59120
58421
55960
57169
59692
58307
60492
59114
59679
57145
60519
57304
58217
57338
57317
58645
60762
56727
59173
57989
58636
58061
59019
57200
60458
58993
57814
58326
61598
57978
58587
59974
55979
58973
58647
60057
58062
56590
57484
57839
58419
59392
57321
58577
59265
58894
60073
58709
60202
60636
59831
57794
59123
58632
57499
57757
60926
57863
58177
58162
57672
58758
59235
58537
58844
59379
58885
57943
57965
60070
59375
58902
59949
58074
58787
60045
59501
56898
60041
54954
58041
57651
59684
56349
57882
57171
59084
57619
58484
59438
58775
58126
59824
55852
59712
57899
59803
58500
56464
56377
58498
58177
57460
58335
57095
60806
58490
57627
59462
57136
57922
58241
59028
59281
57313
57329
58848
58618
59332
59003
59620
58213
57086
58585
60774
58850
59300
59338
57399
58039
58739
58928
59554
57667
59102
57650
58230
57557
59269
58735
58824
60120
61337
58627
58855
60266
58435
59380
58284
58879
58111
57936
58149
58701
59909
57893
58589
59926
59560
60692
56297
59336
58567
58450
58053
59436
57812
57354
58094
58428
58836
59127
58034
59909
58037
59618
57053
60450
59469
57462
60237
58101
59028
58345
56899
57832
58505
58954
57805
59517
58361
57705
59049
58696
57382
58734
58092
59084
58593
60749
58350
59420
59328
58458
57317
58889
58301
57982
57654
57323
58966
59721
58966
58527
57277
57348
56293
59063
59013
58276
59023
59026
58501
58839
58729
58790
60505
60320
58506
57467
58483
57473
59889
58249
57424
60309
58824
58707
57689
58837
58189
58761
58703
57327
57420
57384
58144
59553
57422
58504
58270
58868
59435
59737
59441
58823
57879
59363
59013
58422
58909
58480
58219
57868
60322
58059
58999
59225
56522
57635
57093
58229
58427
57843
58695
60125
57167
58440
58026
58607
57068
57140
57783
58961
60227
58961
58092
57394
56797
57751
57290
58379
59351
59217
61851
57912
58799
57447
59913
58555
59070
58407
59482
57454
59620
56954
57214
59136
57509
56909
57167
57849
59938
57864
59837
58550
58770
57632
58403
59949
58980
58482
58114
58308
58976
59234
58197
58960
59870
56799
57673
57281
58655
60363
58013
58707
58964
59385
59545
56627
58405
59212
58017
58818
61344
58123
59574
58627
57163
56401
57608
59120
59081
57971
59836
58081
59755
56943
57363
59459
58265
59304
58717
58714
59917
58772
56967
57976
57992
59508
57883
58724
57468
56986
57897
58956
57226
59135
58170
57984
59059
57802
57704
58438
59769
59777
57797
57081
58203
59394
56893
59949
57527
57192
58498
57926
57620
59181
57238
57511
58361
59275
58357
59336
57857
58167
56618
58522
59245
60467
58898
58959
59230
58861
61503
59103
60172
60190
58940
58953
60470
58351
57033
58068
57271
58859
59109
56120
56770
59892
59279
56985
58278
58717
60636
57038
59097
57745
57723
59821
59013
59649
57423
56994
58482
57732
57886
59102
58533
59006
58087
59164
60380
59335
58412
59762
57824
58800
57531
58415
58033
59727
56070
60891
59868
59323
58487
55837
59846
59605
58801
57150
59506
58167
57760
59914
60040
58794
58070
58815
58027
58134
57144
59306
58850
58575
59379
59875
58098
59381
58163
58636
57679
58000
56641
59081
59560
58210
58474
57865
57083
59301
58383
58096
56307
59165
59423
59069
57563
57230
59654
57662
58727
56997
59700
58995
58606
58864
57481
56522
58261
59360
59671
57693
59215
59445
57968
56363
58165
57437
58184
58365
58266
58917
56939
58257
57428
58418
61266
58928
58299
59264
59570
58194
60338
59172
57198
54691
58918
57722
59810
58186
57514
57755
58630
57194
55595
58047
59916
58248
58340
59366
60383
57808
57862
59069
59500
60002
56936
59740
57542
60106
58659
57294
57302
57842
60860
58176
59780
57373
56607
58533
59446
59447
59084
57962
59076
59111
59003
58001
57404
58586
58321
59057
60101
57127
58409
58277
57830
58669
57011
57635
57022
58525
59423
58604
58636
54792
59059
57836
56372
58071
59342
59493
57655
57007
58415
57384
57462
57602
58034
58157
57727
58234
59736
57455
59483
58248
57862
57685
59506
59011
59006
57650
59708
58371
59356
56133
57395
60833
57697
59556
58726
56555
58374
57709
58323
57608
59057
59326
58374
58193
59113
58033
56638
58681
58819
59014
58084
59806
59169
57424
58902
57553
58726
58681
58580
58524
60322
60860
58630
59057
57762
57816
58066
57868
57776
58510
58438
58280
57787
58078
59366
59206
58394
57236
60480
58105
59860
58494
58623
59404
58614
59127
57199
58468
59961
58300
59198
55806
57580
58509
57481
59304
57006
58056
57693
59190
57681
59403
58167
61228
59128
57551
58150
58490
58357
58495
57191
58750
57877
59529
58788
59239
56228
58014
58374
60196
57711
59674
58595
59330
58374
59015
58032
60286
57641
59623
58334
57694
59425
59543
59510
59276
57768
57732
58105
57432
58394
57338
56242
60786
58868
55984
56848
57395
58633
60458
58804
58928
58746
59386
58699
57479
59730
58693
58461
56824
58585
58981
58099
60213
57391
59603
57142
58910
58918
58951
58969
57517
58361
57251
58563
58495
57492
58064
55481
59212
58307
58546
58104
57118
59585
57290
58605
57609
59588
57835
59545
58278
59116
57556
59855
57577
57131
58875
58044
60288
58960
57708
58864
61609
58899
58464
57720
58705
58640
58550
56882
58410
59875
57691
59426
58535
58897
57223
58893
58712
58198
57674
59613
57290
59839
56428
58924
58800
57127
56793
58892
58702
57430
57931
59575
55839
59208
59087
59985
57245
58815
59239
57248
57866
58022
57820
59021
58560
58984
59483
58657
57695
59403
59811
59628
60682
57747
58445
56867
58677
56414
58409
56560
55999
58479
57477
58106
59034
59261
59909
57705
58041
57961
59264
58516
57822
57353
59822
58016
57305
59337
59382
58375
58681
58595
58265
58380
56598
59713
58372
57028
58800
59712
58732
59803
57969
58097
57604
56855
59861
57811
57107
58185
55987
58337
58697
57932
59402
57780
57589
58735
57526
57090
57466
58577
57610
58706
57170
57541
58417
60700
59095
55269
57849
58092
58829
58624
59278
59009
56834
59265
57380
59377
59075
57996
59751
59198
58815
56149
59495
59559
58247
57275
58253
57230
57654
56189
56861
57982
60148
58064
57509
58076
58485
59261
60017
59586
58949
57221
58382
57245
58829
59005
57646
57793
58595
59524
60278
60110
59952
61658
60262
59728
58744
57512
59642
59296
59507
57870
59967
58398
57532
59905
59264
57991
57849
59586
58149
58373
58811
57742
58294
59373
58539
56730
58758
59844
58977
59000
58323
58840
58909
58687
58500
59345
58520
58894
58325
57868
58996
58825
56347
58144
59523
59181
56984
58955
57887
57120
58356
57606
58454
58261
55958
57906
57501
56856
59622
60797
60294
58736
58930
57616
56496
57652
57345
57345
58644
59063
56674
56864
56924
58361
59931
58054
59901
58345
59918
60135
58473
58830
58936
57693
59590
58648
59180
59243
59030
59195
56852
57865
57726
58432
58307
58546
57588
58205
58667
56390
60384
58102
58565
60027
57864
58390
58329
58123
57591
58956
59213
59070
58948
60304
59627
59623
59574
60115
56942
59435
56002
57715
56790
54881
57324
57580
57329
59410
57898
58790
58915
60105
57938
60083
59009
59674
58398
58006
56969
58877
59891
57567
58151
57902
56922
57996
57337
58846
59942
58762
57160
57753
57669
59815
58853
60433
59086
58413
59068
59792
59636
59584
59199
59135
60055
57882
58744
57715
59494
58046
57804
58157
57454
58286
58124
59067
57521
56680
60354
58782
59177
58609
58588
58003
58505
59576
58368
57142
58818
58851
58087
58682
59192
59982
60503
59047
57787
57873
60536
58955
57562
57125
59046
56596
57489
59264
58479
57978
56944
59192
60117
58931
57562
57214
58810
58532
59024
57859
58699
59943
58128
58711
60320
59082
59289
59958
56886
58227
57607
57720
58573
57940
57359
57736
60816
56989
58236
56851
57755
59367
58513
60455
59113
58743
56366
56754
58335
58939
56843
59182
59013
59314
58896
59542
57615
58107
57366
58433
57710
58999
57769
58517
58811
58389
60165
57904
58210
60202
56591
58542
59206
60236
61220
57166
57660
58061
59036
57678
58165
57970
60162
59134
58320
58971
58503
60162
56132
60417
56865
59724
58214
58538
56930
58047
55830
58721
57399
57340
59666
57851
57106
57745
58718
57021
59181
58600
59009
58274
59925
61220
57357
58948
59653
59576
57981
59809
57189
57309
58591
58073
57038
59650
59082
57360
57651
60547
58488
58188
58206
59365
58388
59736
58781
58967
56631
58621
58346
57316
56169
59306
56202
58999
58130
58639
58924
60337
57841
59856
60359
59332
59512
58649
58510
57203
58177
58857
60350
58624
58487
57575
58478
58673
58031
58845
59747
57241
57506
59620
59798
59344
58984
57127
59464
56898
57558
59155
60879
59018
59642
59266
57737
59318
57601
58051
57746
59580
59168
57337
57350
57145
58179
59709
58032
59317
57686
57884
60209
59155
57238
58835
58874
56931
56616
59474
58509
57198
57456
59667
58731
58954
59536
59139
59777
56566
58799
59989
61396
58033
60690
58710
58423
59209
59864
59995
57693
57282
59984
59047
60386
59346
60713
55843
59198
59682
55883
57875
57370
57555
58319
58433
58277
60206
58393
57558
59734
56018
60072
58676
58897
59044
58537
57330
59370
57249
58113
59045
57827
57425
60277
60695
59938
58113
60046
58350
58203
58532
60103
59407
57052
56775
56860
57630
59565
58244
58162
59707
58534
57440
58327
57372
57037
58923
58791
57642
58113
57952
60413
58362
58315
57097
59039
57608
58406
56751
57193
59021
60232
55963
57572
57014
57806
59330
58261
58659
58269
58422
58612
58843
58473
59265
59094
56903
57003
58396
58071
59665
58458
57975
57903
59588
57885
57021
58372
59067
57905
58567
59043
58822
58566
60102
59934
59991
58726
58073
58199
56440
56719
58258
58993
58471
59035
59284
59796
59594
57438
58852
57943
57368
58772
57407
56867
59773
58316
58148
57756
59243
59755
57451
55969
59794
58148
57963
58297
59131
58363
58659
55769
59383
58939
55867
60078
57684
57576
59534
59490
59290
59321
58626
57709
58363
58103
57612
58011
59573
58921
58627
58085
61238
59402
56999
57663
58464
58281
58942
57116
58827
58813
56748
57952
59002
58597
58667
57747
57216
58676
58346
59674
55080
58476
57620
59701
58984
56467
58778
58150
57582
59972
59523
58234
59639
57454
57939
57778
60761
59602
57929
58279
57723
58755
57951
56469
58808
59465
59031
58136
58991
58809
56722
57858
59509
59126
56665
57482
57774
58294
55304
58074
56751
58421
56298
57651
57602
57425
61436
58427
60449
58749
58529
57182
58200
57810
59143
57803
57351
56254
59331
60365
57611
57839
58805
59025
57133
58382
57884
60003
58360
60504
59038
59716
59112
59256
59753
57436
58030
59238
57669
58898
58320
57612
59286
56838
58889
57112
58612
56980
58514
60207
57164
57417
59115
57704
60267
59216
59314
58289
57860
59163
58032
59180
58936
60340
58533
58138
57700
57855
58741
57443
58692
59823
57530
59701
59781
59206
58681
57842
58285
57147
58088
57212
57633
59314
59289
57320
56339
57958
59267
57390
56395
57479
57570
58156
57082
59034
57046
56771
58006
58762
58827
59261
60506
58514
56507
58850
59247
58288
59715
59520
57382
57274
58781
59431
58474
57009
59740
59211
58333
59133
58304
59168
58616
56365
58435
59662
58186
54849
59071
57708
58793
58453
60385
57503
59067
57696
56761
60202
58804
60319
60037
59338
59971
57624
59266
59282
57970
58567
57593
58278
58402
59062
57369
56978
58571
58492
58557
56730
61325
59079
58597
57670
60384
60349
58481
58795
59261
57998
60521
59600
58387
59402
58289
59116
59884
59977
58439
57247
55646
56901
59239
59290
58548
58301
58177
57917
55387
58483
58617
56681
57930
57908
56206
57829
58568
58531
58588
57340
60147
58432
59154
59367
57744
58186
58426
56985
57447
60782
58228
57648
56447
60376
56404
59594
58939
59700
58254
58717
58906
60939
57164
58143
57154
59912
58346
57228
58020
59692
59257
58588
59211
57564
57644
58289
57929
58732
58828
60436
60453
57844
58852
57622
57344
58718
58250
59707
58491
58108
58824
58219
59619
58694
58680
57489
58633
56750
58503
61743
58647
57129
56026
58879
59018
58934
57686
57296
59064
57673
60265
57474
60194
57129
59462
59720
58524
58466
58058
58605
58214
59341
58667
57858
60256
58556
56208
60410
57556
58976
57979
58942
58945
59013
59884
59304
57036
56950
57877
58594
59815
58133
59452
56819
59114
58342
57790
57828
58458
58927
59314
58301
56773
57497
57156
58414
58355
58611
60245
59066
58079
57864
57367
58431
58177
57667
59636
57921
59482
59210
56624
57912
59201
58254
58338
59545
57423
59484
59203
58298
59171
58488
56928
57106
58698
57618
60462
57739
59712
58514
59394
56698
60794
59045
61199
58448
58385
58870
59116
59583
57569
59122
58377
58015
58181
58575
59521
57897
58785
58251
58684
57708
57991
57746
60885
59065
57009
58678
59194
58050
57062
58585
58795
56792
58279
59424
58680
56951
60181
57146
58687
59040
59014
58919
60172
58981
58963
58691
57249
59149
57628
56938
58058
58342
58896
59449
58522
59120
58120
58786
58019
58150
58845
57851
57860
59089
58052
58756
58212
60700
57818
57313
57861
61362
59210
54677
58207
56320
56108
56429
58162
58046
56668
59267
59264
58917
59343
58866
59067
58082
58269
58997
57619
57215
59564
58061
58425
56614
58215
58756
58535
61205
57253
57384
57099
58611
56914
57349
57971
59010
57911
56554
61485
58981
58653
56939
58744
57593
60810
60076
58996
58372
57501
60357
58570
59265
59052
58314
57713
56735
59319
59095
58619
58825
58610
57196
57894
58866
58064
58548
56070
59192
59865
58113
59963
59827
59646
58821
57548
58161
58517
58251
60287
57624
58221
57867
59554
58554
57837
58945
59536
59481
58919
58561
60087
58980
58066
60530
57355
59044
58106
58679
59095
60050
60015
59305
58996
58458
56705
59432
57129
55948
59420
58712
59173
59203
58324
58367
59066
59408
57205
59847
57230
58646
58271
59140
58973
56524
57705
58151
57750
58337
58275
58356
60199
58171
58890
58704
58272
59353
57871
58318
57781
59233
55527
56985
58333
59482
58914
58465
60851
60185
58335
58545
58894
58682
58919
57041
59388
58687
58853
58537
57150
59507
58394
59053
58685
57470
59227
58726
58069
57631
58439
59236
59520
57382
59231
57431
56181
58378
60234
59003
59215
58200
57806
58181
58437
59396
59715
59675
58892
57941
59887
58235
59671
57729
59732
57264
58469
57509
58068
58409
56432
58751
57860
59060
57807
59006
57781
57000
59398
58554
59338
57789
58600
58017
58660
59194
60012
57328
59953
59130
58319
59100
58558
58663
61258
58765
59279
59675
58961
58774
58477
58323
59471
56344
60734
59416
58125
59272
59566
57323
58216
59055
58344
58560
58649
57907
58344
59822
59185
57098
60035
58543
59620
58592
58906
58628
59042
58666
59505
58544
59649
58943
57540
58458
58628
59358
59607
57765
56899
58497
58511
59554
60363
57908
57941
58445
59150
55793
58732
59078
59302
57403
58498
58770
57867
57033
58035
59260
59596
58855
58132
58517
60170
57710
58545
58392
58779
58473
58548
58524
59235
58027
58760
58573
58080
58201
57942
58423
57880
60937
59602
58375
57967
56379
60615
57531
58476
57948
58665
59380
55947
60500
58002
59819
59503
57415
59388
59445
57414
58024
58022
59377
58786
58026
60540
59885
57722
57761
59000
59274
58280
58127
57998
58133
58850
59973
57341
60300
58586
58433
60779
59253
58524
59127
60007
57575
58912
58259
58868
59239
57263
57413
59168
55715
60179
58751
59136
57678
57314
57594
59256
57267
60510
61885
59617
56355
59132
60403
60984
60276
59360
59378
57821
58952
58974
59677
55947
58664
59912
58644
57682
57706
59150
58618
58363
58651
58610
58377
59413
55812
58519
59749
57737
57616
59014
57226
56289
59282
59440
57645
58399
56998
56413
57964
56914
60061
58128
57930
58131
59851
58581
57347
56448
58580
57391
55772
58484
57242
57522
57821
58312
57331
58487
57983
57661
58707
57593
57072
57398
58755
55781
57207
60287
59411
58236
58688
57203
58045
58496
56893
60359
61333
58508
58478
57233
58607
58861
58638
60314
59984
59876
58405
57064
59750
57728
59183
58114
56898
58271
58097
59218
59169
57254
59329
58386
58588
57945
58602
57474
59159
57646
57386
56889
58138
58080
57547
57696
58331
59024
58067
56694
56340
57903
58716
55978
59546
57701
59187
58867
59634
58423
59004
58186
58916
56449
57269
58651
57850
58616
56683
57635
57557
59059
58376
59176
59276
60028
58291
58214
57487
58229
56681
59838
56781
57738
59336
57517
58636
58682
59588
57663
59250
58027
58774
58601
59218
59051
57329
60097
58551
57402
59402
58604
60400
56794
58851
57994
58706
59071
59326
56423
59073
59612
58695
58423
58552
59071
58845
57195
56927
59132
57184
58042
58071
58069
60815
57864
59572
59395
58911
58255
56579
56586
59078
57398
57783
57110
58609
59464
57507
58552
58380
59447
59382
58941
58996
57921
59074
59575
58864
58476
57895
58889
57792
57547
58333
56268
58664
56740
58811
57797
58304
59687
57899
58727
57849
57720
58760
58885
59691
58624
58572
58884
58852
58254
57712
58957
59032
59717
58682
57661
56514
58834
58740
60079
58525
57525
58636
59438
58901
60873
58565
57666
58962
58987
59639
59740
58608
58423
57572
59605
57606
62297
57322
56370
58841
58596
57694
58700
58970
56937
59704
56306
58340
58465
58721
58261
58309
58789
58639
58438
58439
57840
59701
60001
59023
58516
57300
58412
59122
58572
60523
59766
59460
57732
57250
59481
56721
59699
59176
57060
59542
58576
57770
58232
58215
58867
59890
58477
59676
59244
58254
58651
60633
59176
57915
58780
58942
55789
57707
60533
57909
60041
57621
59635
57673
58071
57006
59493
57978
60971
59781
59308
57899
58506
57685
60778
62146
58246
59183
56136
58945
56513
58440
59934
58263
58239
58349
58171
58078
57546
58598
58448
57626
57391
57278
58490
56838
59104
59702
58820
58830
58055
55570
58841
58293
60582
57075
57223
58901
57717
57222
60101
59425
61027
60398
57988
58439
58352
57618
61818
59370
58236
58936
58204
57871
58568
57459
58169
59239
57478
57803
57990
58958
58827
58700
58644
57213
60623
57204
60247
58544
59008
57660
58097
56927
58539
58552
57022
57918
58199
59596
59432
57688
57966
58890
57875
59362
60080
56614
56020
58232
58003
56963
58882
59101
57853
60060
59044
60034
57042
59263
57962
58735
58220
56711
60269
57710
59076
58708
58941
58921
57678
57828
58662
57672
61462
60491
58038
57940
57915
58236
58144
59449
58816
58420
60149
57313
55840
58088
59937
58333
57339
58773
57960
58284
58831
61433
60481
57661
60015
57708
58296
59501
58958
57176
58627
58006
59136
59192
59133
57065
57137
59964
56829
59248
59551
58405
58142
58020
58092
59651
58489
57334
58901
58843
57927
59921
58506
59714
59042
59495
59495
59369
57594
57849
57394
59010
59712
59429
58106
57183
57060
58368
58985
57700
56561
60087
58795
59304
57631
58207
58278
57771
58353
58405
58921
58144
58896
58216
56872
58608
58088
57704
59930
59549
58663
57824
57702
58562
60010
58004
57706
59137
58489
55719
59035
58432
60262
57604
58337
57691
58348
59346
59216
57772
59398
57995
58777
57951
57452
60169
57580
58746
57969
58801
59096
58124
58502
59838
57473
57880
57583
57548
56758
57715
57945
58272
57264
58312
57325
58360
59821
60327
58182
58745
57189
58205
59696
59356
58745
58755
60155
57968
59020
60050
58292
56385
57361
60407
57615
56608
58700
58866
58899
58939
58341
56707
60022
58000
58266
57976
58324
60146
60146
58408
57017
58258
58850
59165
58113
60443
57622
57882
57373
58367
59255
58348
59374
58105
59683
59985
60398
59602
60111
56886
59696
60258
57739
56074
57138
58989
58514
57589
59091
59097
57737
58114
58895
59067
58227
57562
58616
57839
58971
57615
58235
59145
58471
57897
58454
59512
59080
58706
58973
58829
58898
57050
57956
59187
58522
58067
59114
59040
58566
56817
59677
58325
56711
56728
57538
57477
60136
58883
59260
57585
58665
56414
59477
59314
56698
57463
57846
59182
58818
57553
58804
59084
55999
58370
57850
57307
58732
58933
57033
57034
59413
59538
60344
58634
57108
60306
59133
57249
58434
58514
58341
59910
57722
57239
59222
56197
57274
57734
58494
57426
57722
59610
59914
59576
59024
56973
59999
55787
59188
61728
58611
58001
58377
58247
58863
59101
57988
58619
58215
58734
59647
59424
59629
57215
56728
59613
57480
58237
59496
58403
57274
58802
58430
58603
58405
58939
59206
58347
59552
59789
58689
58511
57835
57903
59025
58312
57701
59534
58900
59891
58947
60144
56444
55989
57601
58405
58352
56998
58895
59167
57750
56990
58608
59300
60028
58260
59423
58874
56760
59108
59695
58211
57638
57625
59121
59243
58417
58368
58433
57972
58471
56714
59031
58414
58633
57681
56927
58584
57903
58509
59321
59338
58722
58504
57908
58205
56499
58674
59798
59700
58969
57568
57855
59001
58946
59733
57424
58007
58315
56737
57874
58509
58156
57880
58736
57953
59471
60115
58213
58743
57628
57877
57307
56771
57759
57006
56973
58877
59231
60424
59328
58149
58995
59289
57626
59102
59663
57017
56223
58405
56469
56455
59441
58930
58676
58810
59144
58320
56759
57277
56468
57213
59267
57868
59942
58943
58143
58504
57075
57945
59032
58812
56466
58936
58888
58422
59366
57553
58206
58354
57077
57842
57754
57939
57327
58273
57681
58732
59569
58472
59907
56779
59070
59175
60805
58791
57655
58464
57902
59412
58158
57587
57529
56541
58258
56983
57607
57711
57598
59438
57482
56941
59379
57914
57202
59548
58283
57312
57257
59855
57885
59694
57272
58393
58944
60029
57752
60245
59863
57894
58727
58673
59756
59060
58949
58460
57922
59022
57137
60101
56993
57774
58465
58203
57273
60031
57879
56982
55948
57445
57619
57215
57481
56836
58786
59231
58559
59430
58184
58444
57605
58150
58325
58101
59519
59470
58634
58368
60350
58225
56050
57910
55267
56358
58709
60602
57555
58464
58553
58353
58629
59151
59232
58647
57962
58415
58450
59639
59583
57818
59560
56331
56936
57013
59577
57166
59149
58535
59260
58742
56126
59893
57773
56035
58686
58469
56757
58070
57652
58366
58774
59943
58453
57977
58637
57585
57157
58772
57952
59994
60043
57447
56562
59911
59625
58190
58230
56619
59294
58947
58931
57238
58782
60018
59863
57062
57503
56615
58405
58285
57218
58292
59132
57834
58961
58798
59274
58694
58756
58082
58112
58570
58395
58506
58531
57732
59512
59121
59421
58448
58741
57221
57968
57824
58015
57484
59474
58442
58085
56830
56995
57989
61132
59473
59539
59313
56688
58490
58671
57833
56727
57740
59451
59228
58208
57648
56792
58079
59000
58533
59229
59257
56825
57827
58147
57351
59629
58827
57862
58659
57937
57584
58588
55741
58558
59423
57521
58670
58962
57582
58613
57009
57812
59134
57901
58982
58118
57696
56847
60180
57094
57871
57262
57955
60486
58758
58100
59990
58321
58709
58243
60470
57836
60003
58017
57143
58144
58742
57901
57806
59751
56970
58218
58334
57712
60717
58275
57106
58852
60479
60322
59013
59006
59813
58415
61508
58548
58565
60658
59690
58457
60969
57281
56831
59700
59211
60760
58236
59497
59370
59553
56577
59151
58787
59351
58872
58900
59675
57838
58295
59387
56406
59376
59965
60529
59013
59150
57820
58459
60201
59585
57784
60339
57727
56089
59019
57091
57417
58681
59712
57533
59043
57778
57981
59048
57425
56090
58824
59880
56721
58534
58508
58906
58073
59253
57750
58250
58770
59130
58862
58767
55987
57747
57816
57559
58666
57982
56105
58399
57778
58144
60214
58413
55489
56428
57799
59745
60850
59882
59349
58367
56835
58970
57531
58584
57502
57575
58979
58948
58267
57843
57441
60214
57385
55171
58220
57652
58681
58254
59018
58864
60795
57270
60235
59582
60096
56295
58038
58740
59380
59040
57413
54598
59057
58416
57835
56609
57912
59723
59632
57040
58529
57316
58763
59698
57855
57102
58009
57058
59800
58082
57322
58174
59592
57142
59604
57958
59895
57109
58474
57189
58938
58113
59845
58745
57138
57454
58274
58792
60005
59866
59778
59166
58053
58190
56106
58100
58899
58035
58959
59468
57077
57875
56626
59030
58744
57946
57894
56635
56870
59150
58748
57218
59496
58591
55804
57884
58194
56874
58174
57783
58075
57182
56435
57523
58090
57635
59079
58102
57748
58374
56279
57307
57417
59092
57875
58870
57293
58786
59270
59143
59075
56829
58772
58869
57864
56580
57262
57560
59624
58810
59115
57269
56028
57585
57806
58231
58511
58064
57621
57201
57157
58497
58614
58388
55858
58515
59045
58255
58187
55884
58015
59357
56180
57523
58488
58723
58612
59250
60033
59147
59196
59182
57256
58385
58790
60041
60201
57215
58352
58799
56694
57551
59739
58319
58188
57601
59162
59781
57877
60011
58555
59188
58015
58085
59956
58139
58099
57328
56406
58652
58338
59363
58893
57306
57388
58759
57090
58931
59311
58910
58524
57475
57581
57629
58454
58420
57423
58439
58227
59486
57759
57512
57655
59503
58361
59198
60218
57337
57934
60094
58763
58514
59531
60334
58295
57552
57956
59888
58742
56845
56390
59023
58516
56678
58797
58849
57809
57082
58903
58070
59757
59036
58622
57851
58750
60348
57180
58147
58621
57696
57925
58170
58344
59301
59285
57791
59462
59027
58667
59125
58384
58558
57695
59120
58477
58986
59569
58710
58857
58265
57357
57921
57617
59746
59160
57338
57071
58764
58979
58374
57491
59122
58965
57431
59636
60222
56521
59475
58630
59841
56859
59302
58838
58435
58310
59307
58343
57626
55858
57194
59794
58486
56589
60041
57834
59050
58354
59289
57505
56823
58603
59364
57421
58670
58848
56454
59614
57582
59000
58910
59679
59690
59928
59060
59637
57556
57062
59234
58968
59904
59651
57105
58462
55512
58644
57912
57213
58769
57664
58232
58799
58007
58257
58547
57878
57780
57944
58067
57545
59391
59452
58528
57186
57821
56435
58921
58483
57658
59546
57493
58115
59348
58466
60349
55294
58250
58419
58706
58686
60034
57455
58507
58103
58430
59433
59156
57349
58758
58011
56756
59846
59408
57475
55958
57130
57214
59205
58435
58312
59149
57293
56700
56456
59216
59069
58431
59554
56694
57764
58303
57740
58484
57025
56727
59755
58324
58125
57775
56962
59449
58833
57803
56437
59119
56316
56470
58041
59830
55660
59095
56150
58730
57652
58335
58225
59745
57073
58018
57678
58564
60320
58759
57651
58229
59954
58163
57867
59608
58178
55706
58749
58755
59257
59670
59046
56609
59087
57637
58678
58865
59511
58535
59362
59670
59865
57307
58948
57420
61274
57693
59840
57029
57921
59968
58565
58305
59747
57265
58296
59975
58538
60757
57198
60217
58719
58658
58000
58223
59064
57655
59095
58694
58104
58647
57735
58633
57410
58158
57115
59566
59514
59490
58975
57819
59817
58622
56055
57340
56935
59062
57735
57369
58096
57929
58819
58235
58415
58095
57225
59386
57372
57721
61367
59034
57159
58590
57411
58648
56916
59123
58931
59847
57371
59082
57232
60700
57497
58663
58323
56891
57050
57989
58117
60037
59131
55376
57454
57324
56425
58879
60813
59471
58162
59431
60195
60244
59969
56826
58199
60108
56885
59415
60701
57419
58479
60727
58251
57509
59099
59082
58634
59216
57515
57035
58389
57760
56256
58630
57556
57291
57912
59808
61143
58947
60666
56941
57295
56825
59982
58874
58315
57555
59282
57920
59929
59179
59896
58464
59057
61472
58399
58150
58647
57820
57690
57703
57666
59104
59507
60672
58849
58714
58901
57585
59068
59094
60245
57574
58900
57947
55736
57822
58749
58089
57197
58860
55438
58171
57718
59682
59371
58344
58384
56465
59213
56296
56918
57969
60746
56925
58830
59431
58700
56236
59034
59634
58500
59577
58227
56724
57871
58973
57777
58182
58906
61151
58440
58261
58833
57389
57882
60308
58316
58847
57891
58335
56890
58884
59018
59947
57698
59425
57621
56384
57485
58905
58691
59487
57493
57108
57232
58127
59140
60580
59523
58578
58297
59003
57083
56774
58590
58255
58196
57472
59793
58433
59002
59757
58715
57400
57987
59116
58554
56697
58092
55441
58653
59093
57134
59293
58738
59112
61055
57558
59333
58024
57751
58185
59602
58316
57831
58991
57246
58168
59940
56832
59709
60535
59635
57745
58575
57915
58279
56386
57707
56982
58558
58515
56057
59023
59259
57043
58239
58063
58846
60428
59262
59178
58558
58765
59273
59834
58666
57021
58228
57924
59262
59385
59504
58613
58638
57803
59332
56680
59150
58625
58354
58453
59583
60453
57645
58425
58323
57414
56911
58062
57998
57915
58083
57581
57947
59582
58103
57382
57426
58290
58840
56620
58900
57346
59587
59024
58600
59849
58873
59688
58107
59096
58225
57580
57967
60608
58388
56354
60787
58396
60168
60188
59706
59256
59053
58278
59060
59070
58232
58082
56645
58920
58936
57423
59722
58788
58389
60924
58891
58636
56679
58247
57953
57748
58725
59628
57717
59946
56996
59054
56935
58128
57606
60956
58078
59555
59911
61316
58122
57354
58859
57993
60076
56708
58355
58848
56663
57471
58189
58709
58857
57623
59841
60260
58248
59667
57766
58107
57968
60162
57835
58810
57950
58177
58330
58143
58422
56666
57181
58514
56778
58804
59332
57723
59425
59894
58024
58994
58983
56676
58806
56629
57450
59811
60091
58306
58186
59253
58840
58179
58311
59677
59657
58425
58822
59047
59052
59661
55950
58200
58103
59807
59343
59257
59095
58695
59871
60348
58063
58336
57604
59940
57357
57986
58208
60199
59093
57174
57052
57056
56804
57697
58759
60609
57727
59999
55517
59570
59147
58445
58437
58280
59119
58313
58037
57976
57899
58580
60520
58652
58145
57055
57704
60137
59063
58751
58505
59009
57246
59830
59164
58769
57505
58386
58504
58234
58808
58262
58462
59656
56814
55998
59003
57855
58967
58866
58336
58723
60208
58430
57760
58065
56929
57520
59667
57745
57576
58026
57228
57801
58132
58561
58698
60267
58212
58179
59448
58289
59122
58919
57971
58332
57673
58226
59398
57168
60025
57457
58222
57682
59034
59584
60233
57402
59052
58882
59666
58290
56350
56012
58819
59289
58692
59881
56952
58306
58807
59516
59851
59321
59374
59320
59095
58587
58926
58642
59176
56941
57464
58232
58538
57546
60174
60142
57248
57909
58127
58233
55872
58220
58203
57987
58745
59083
57667
58073
58934
58208
60653
58590
57923
57979
56788
59562
59606
59468
59272
57845
60315
58461
57868
59588
59326
57575
58525
58902
58052
59614
57150
58845
55440
58969
58846
58583
59963
58767
58281
57299
58189
59740
57126
58255
57500
59618
59704
57846
58201
57587
58282
58915
57773
58146
58040
57861
60173
58633
59055
58561
58176
57504
59314
58615
57722
58475
59565
57553
57488
56771
59514
57339
57720
59643
59697
57422
59635
60407
57802
60912
55777
59279
56803
57889
58203
59618
58674
59070
58098
57009
57282
57317
60000
57323
57601
59175
59011
56683
56356
58139
59730
60074
59458
57943
60548
56584
59414
57969
57836
59065
58559
59049
59000
58437
57102
57765
58547
59252
60599
57345
58031
58798
56944
58337
59316
57219
59279
59277
58903
58703
58962
57213
61371
58775
58117
59370
58625
58873
57412
56836
59856
57207
57997
57378
58476
60811
58114
58513
59589
58315
59246
58337
57028
58415
58906
57386
59213
57083
58502
57892
58960
57333
58268
57940
61432
57481
58650
60048
57424
57357
60948
59399
58917
58706
57574
57762
57586
59181
57932
59306
57478
57224
57289
58012
58381
60004
57074
56935
59288
57566
59291
57666
57558
61285
59269
61737
58879
59734
58807
56409
58071
56343
59393
56143
57380
56697
57417
57428
57949
58435
58019
59385
57028
58203
58996
58770
59990
57883
58587
58862
60223
57989
59183
57654
57023
58311
59047
58218
60460
58135
59770
59205
59039
58195
60102
57306
57860
59988
60284
57135
57655
58171
58171
59316
58496
58834
60566
58880
57435
59663
57904
59563
60776
57358
58337
57320
58031
57715
59367
58846
57270
58673
59748
58069
57439
58788
58136
57924
58209
56961
55337
56396
60139
58109
57084
58214
58683
58556
57946
58899
60604
57717
59047
57670
56458
57138
57254
57805
59489
58731
58004
57955
59623
58161
58069
60415
60143
57538
60026
60080
57847
57456
58405
60233
57621
56450
59574
57440
57818
57460
58501
59599
60457
59748
57734
57396
59447
57308
57637
58723
56726
60045
58682
59934
58471
59618
57814
58006
58323
58123
58188
60211
58252
58895
56948
57953
58271
58670
59498
59322
59519
59085
59067
59530
59025
60028
58800
58176
56828
58757
60058
57127
58124
59293
58236
57227
58886
55557
58071
58893
58579
57787
58754
58789
57777
58320
58240
58189
59519
58781
58177
58060
60562
59521
58361
58932
59685
57266
57027
56549
57565
59041
60213
58213
60257
55752
55818
59365
57177
59154
60685
58744
58401
57567
59157
57544
58853
58189
56880
59214
59375
57568
58045
61137
59183
58458
57481
57877
58656
57267
59168
57088
58185
57456
57232
60294
58214
59068
57048
55480
57194
59426
60512
57384
59665
59038
57156
58413
57880
56631
58798
57889
59412
58767
60306
58161
57459
59148
57993
57291
56356
58440
59745
58806
58599
58891
58858
57116
56653
58953
59010
59288
58376
58801
57514
57943
56854
55697
57677
56814
58471
56626
59327
58412
59803
59613
57974
57669
57161
58993
56572
60153
58014
57810
59506
58114
58369
57515
58380
58619
59758
59235
60023
59443
58979
58506
58917
57368
57369
59045
57633
58369
57238
57907
61483
57716
57818
58097
60276
57441
59477
59855
58356
58908
57468
57396
57962
57081
56508
59060
59661
59601
56393
59206
56795
59551
59207
56838
58960
58028
58017
60857
57807
59674
59740
59012
58194
57839
56499
57347
58309
57934
57507
58877
60742
58125
59751
57687
59595
59436
57464
59222
57992
58237
60580
57262
59228
57773
58681
57569
58883
59842
59773
59353
56254
57632
58032
58931
58915
58539
58860
59026
55049
57273
58478
59388
58275
59667
57124
58480
60033
57898
59316
57547
59463
56363
57913
60529
57625
59213
58738
57062
57833
58329
58637
58287
58588
57739
58567
58567
59235
58890
57461
58786
60148
57911
57920
57899
57610
60167
56929
58116
58148
57580
59113
57941
58389
59067
62150
57467
57896
59484
57552
56639
56986
58567
60777
59112
58924
59055
59462
58575
57791
58169
58645
58267
59628
58983
57295
57242
59272
58639
58437
59674
57432
58598
58663
58011
58822
59256
59287
58308
58299
58921
59381
57281
56464
57475
58867
58143
59433
58854
58918
58379
57520
58829
58891
58617
56915
58087
58304
58758
60179
59070
58389
57682
59473
59253
59999
59629
56574
59444
57536
57526
59990
58741
57783
56903
57222
58313
58763
56699
59838
59190
58249
58034
58436
59050
58317
57361
57274
58622
58892
59517
59968
59182
59102
60891
58801
58755
58369
58319
58598
58931
59181
59267
57222
60332
58098
59133
57798
58024
57267
57930
57153
57132
58873
57982
57673
58296
57554
55013
57029
59128
55855
56860
59415
58352
58673
58212
59780
58389
58183
58320
58305
58108
58223
59072
58950
59526
58720
57402
59038
58479
57273
59098
59674
56376
60336
56106
58753
58228
57962
58906
58658
56620
59176
58105
57874
59832
57921
58173
59250
57570
58144
58055
58057
59638
57111
58269
57333
57873
57133
58610
58858
59077
59293
57832
59241
58060
58510
58279
59902
60052
57607
58657
60077
57034
55782
60032
57631
56845
58951
58526
58326
59136
56877
58182
56916
58150
60025
58155
57416
58748
58906
58682
57357
57255
59133
58335
58044
55936
60567
58894
57156
59023
56773
58292
58880
58210
59286
55757
58685
60000
57550
57956
57008
57510
59197
59220
58133
58247
57948
56955
59292
56822
58101
59202
60076
57054
60534
58950
58129
57258
57291
59092
57367
58291
60787
57456
58426
57132
57674
57788
57453
57304
58904
57060
58477
57701
56935
57138
57971
57593
59227
56399
57050
60273
57833
58074
57518
58206
58968
60307
58558
60128
58872
59258
58120
58196
56398
57535
59316
58016
56987
58193
58842
57193
57802
60170
60883
58906
58251
59460
58983
59786
57824
60909
58013
58382
57225
58896
57738
57616
59307
57967
56932
57162
59451
59590
56759
59131
58939
56475
58661
58210
57505
58453
58691
57202
56714
58719
57468
59221
59044
57528
60524
57656
57130
58021
58565
58699
58181
59062
58205
58532
58191
58825
58015
58313
58108
59049
57340
57495
59548
58220
59917
58287
58273
60236
60980
55043
60835
57804
57197
58663
59424
57910
58754
56699
58091
58946
56061
59603
58607
57718
59394
59236
60211
59018
57863
56136
59033
57849
58158
59599
57911
60944
57313
59043
57286
59586
58002
58744
58383
59932
57725
58321
59030
57219
57887
59410
58498
59596
58530
57994
58699
58775
57790
56848
58419
58144
60101
60043
59202
57422
57760
59650
56363
58681
60179
60084
59527
57073
58516
57609
59166
59275
57859
56986
59100
59628
56506
58351
59456
57926
57985
57700
58607
58379
58885
60221
56838
58978
58617
58367
57602
57247
59040
58893
61965
57977
59282
57732
59500
58805
58842
58540
59646
57455
58632
58948
59510
58307
56842
59071
60230
59759
57772
58186
59577
58716
57846
58752
58201
58736
56988
58245
57377
57387
57635
58027
59965
58729
58739
57856
57927
60412
58133
56574
57142
60327
58915
59893
59473
57844
54749
58418
57577
57833
60819
58560
58320
57592
59237
58567
59603
58218
59478
60606
58835
57051
58572
59443
58040
58271
58299
57484
59161
57366
59091
59450
56743
58742
56979
58221
60055
57066
58919
57893
58393
57069
58118
60203
60290
58669
58828
59006
59371
58128
58935
58831
58166
59891
58428
60868
60159
57762
59554
59421
57722
58829
59012
56609
58348
56847
57335
59650
59025
56546
61319
58785
59131
58391
58581
58590
58253
57351
59687
57631
58821
58230
58114
59660
59195
59120
58305
59392
60125
60496
59540
59553
58240
58466
57561
59072
57967
58447
58142
57628
58760
57937
58773
57271
57486
58190
60544
59131
58703
60056
59193
59142
60325
58112
58590
57314
56820
57018
58843
59214
59010
58840
58456
57921
57795
58356
58671
60209
58535
60286
57549
60050
59087
58708
58028
57099
57498
59514
56607
56796
58934
57245
60300
58474
60153
57751
59092
59017
57483
59321
57892
56525
58055
60263
57628
56599
58118
57890
59853
59218
59207
58156
57453
58586
58301
59228
57593
57259
57803
58025
59049
59351
57293
59446
57705
58594
58286
58492
59202
58213
58023
57816
57069
59188
58448
58225
57482
59503
58327
57803
58594
58111
58936
58360
58931
57760
58757
58560
57729
57177
58780
59269
59117
58572
57223
57725
59433
59545
59454
60007
57144
56020
56995
58047
57372
57737
59462
59974
58104
57727
59366
57647
58731
58194
59836
58554
58051
58291
60186
58843
58225
59652
58738
57698
56946
57550
58432
59813
60947
59514
56901
60143
60082
59322
56791
57614
59745
59540
57275
59159
57022
59448
56963
58598
60339
59464
59696
57455
57556
57167
57850
56948
58902
58169
57076
59298
56696
59148
59412
59002
57215
58901
58667
58288
57411
58778
58776
60751
59602
57995
55731
58931
60309
55803
58254
58563
58081
57966
58846
57650
58877
58171
59163
58661
56396
56812
60063
59816
58894
59506
58514
58130
59190
58420
57913
57874
59165
59332
60296
58867
57734
56986
58189
59216
59334
60396
57796
58425
58346
58509
57888
58443
57149
57922
58297
58211
57832
59309
57667
58726
59352
58981
58562
58740
59244
61236
58418
57847
56950
57111
60289
57618
59669
57911
59655
57745
59845
59105
59504
58443
57982
56784
57656
58398
58426
60441
60018
58523
58620
58191
58247
59006
58155
58254
59138
57885
59691
58758
59146
57892
57431
56279
56713
59054
57567
57924
57143
58502
56659
58524
58682
58765
57201
58579
57889
58561
59113
60273
56500
57191
60540
56985
58284
58274
58250
58271
58882
58406
58828
59266
58018
57145
58583
58073
57889
57536
57800
59659
58217
59830
58318
59427
59193
58449
57692
58363
58262
60524
57574
59734
57514
59382
57953
58412
59039
57985
57049
61828
58318
58108
58049
59136
58461
58911
58706
59000
57094
58027
56703
56773
57841
57650
58567
58976
59746
59201
57573
57664
58551
57618
57919
58132
58691
59690
57246
57997
59647
60082
56939
58699
57035
57251
59913
57394
56796
58601
58651
58128
58763
56963
59297
58928
60195
58848
58529
59710
58686
57403
57206
58015
57568
56599
59579
56443
57680
57084
59937
59044
58501
57127
58274
58681
56040
58656
57156
59232
59665
58703
58781
57620
60748
57591
57635
57298
60305
58480
57788
59489
57614
57920
58069
59574
58839
57328
57329
58291
57893
58575
56682
56523
58138
58238
57831
56875
61103
59205
58158
58765
60034
58962
58103
58507
57364
58815
58953
58124
58996
58832
58602
58066
59030
57676
57828
58552
57536
57718
57369
57719
57478
57994
56560
58687
57691
59689
58415
59702
58015
58914
57558
58149
58801
58545
57424
57446
58143
58457
59804
59301
57179
59116
57647
57313
57690
57201
58601
56177
58941
59870
59102
59134
57291
58256
57630
56670
58732
56088
59968
59541
56696
61357
58017
59830
58808
58557
58060
57337
59451
58068
56752
56707
58270
57880
58482
58822
57876
58032
60178
58152
55129
59015
59016
59396
58113
57205
58215
59363
60382
59759
58891
56610
60358
58980
59691
56867
57616
57700
58791
60065
57700
59316
56741
58270
58606
59056
59117
58081
59511
57599
58192
58450
59984
59613
60317
57003
58431
58257
59263
60158
59251
57876
57987
58143
58875
57766
59718
57522
58567
59115
61277
57761
58164
59869
60210
59460
57653
57195
58644
56559
59576
59461
58690
59395
59043
59666
57358
56414
57737
57973
56619
58036
57027
57671
61319
57584
60243
58492
59721
58823
58088
56771
57693
55485
56353
59076
60418
59327
58953
58116
58642
58852
58517
58832
59131
58755
56766
59086
57109
57153
58895
57809
56592
58794
58775
55949
60421
56387
56348
58372
58793
58094
61712
57573
56716
58571
60281
58860
59100
56986
59131
58091
59457
59033
58381
58657
61734
58640
59396
60802
56865
58624
57693
57927
58669
58553
58166
57682
56779
57294
57238
57358
59300
60576
57654
58689
57002
59426
59141
57274
59248
60303
57872
58009
56278
58732
57771
57514
56369
59563
57116
57613
60115
57950
60220
58724
59221
59638
57282
58623
58290
57244
57493
56468
60536
59506
56031
57436
58550
59616
58209
58486
58352
59193
58324
58305
59340
58700
57833
58428
56473
59714
58262
58342
59852
58696
59105
57279
59691
57372
58643
56917
57714
57121
58113
59542
58416
57841
58151
57202
56446
57186
57372
57489
59414
56726
57845
59389
58447
59562
59071
57178
59961
60402
59529
58766
59454
57047
57044
56622
57309
58129
59445
58221
58131
57951
58265
60466
57511
59199
57663
58423
60172
56410
57522
59417
58703
58822
60289
57041
58468
60610
60451
59639
59158
58598
59018
59064
58263
57479
56899
57153
56281
57514
58398
57506
59385
60014
59372
58165
59299
60005
58729
57032
58559
58147
59624
57014
58714
58418
57860
57520
57981
57393
