4046
3899
3906
3901
3925
3913
3816
3922
4137
3928
3803
3943
3937
4079
3943
3943
3872
4009
3914
3911
3951
3950
3828
3920
3807
3918
3813
3812
3819
3797
3940
3925
3800
3924
3812
3815
3787
3789
3940
3936
3924
4053
4081
3933
4050
3941
3938
4057
4056
3951
3994
4051
3813
4060
4059
4068
4069
4067
4070
4067
4066
3839
4069
4064
4059
4066
3939
3941
4066
4068
4069
4058
4057
3994
4050
4052
4056
4106
4095
4101
4102
4099
3997
4013
4013
4104
4043
3992
3988
3990
3991
3990
4089
3992
3993
3988
3825
3985
3993
3996
3998
4136
4134
4137
4138
3968
3957
4148
4139
3952
3949
4131
3955
3957
3962
3960
3961
4147
3952
4067
4056
4055
4051
4052
4052
4138
3983
4067
4065
4028
4041
4072
4072
4034
4077
4120
3991
3866
3972
3942
3945
3996
4017
4000
4001
4127
4131
4098
3839
4049
4084
4049
3986
4039
4045
4062
4049
4048
4134
4133
3968
4095
4086
4124
4084
4132
4097
4092
4092
3972
3949
3997
3939
4088
4063
4064
4067
4105
4044
4077
4121
3998
3998
4079
4003
4002
4117
4092
4034
4124
4097
4040
4036
4023
4023
4066
4034
4100
4110
4081
4079
4062
4089
4074
4070
4069
4025
4044
4036
4037
4039
4067
4060
4062
4065
4069
4032
3952
4057
4060
4063
4028
4059
4059
4057
4067
4065
4062
4060
4063
4100
4104
4101
4093
3955
3962
3979
4120
4125
4004
4004
4005
4090
4053
3995
4052
3988
4104
4048
4122
3994
4055
3992
3995
3992
3976
3975
3975
3978
3971
3971
3972
3977
4086
3998
3997
3971
4088
4085
3976
3975
3978
3979
3978
3979
3977
3976
3979
4091
3977
3975
4092
3980
3979
3969
3974
3971
3973
3974
3970
3975
3971
3971
3977
3977
3977
4110
4109
4069
4120
4029
4032
4107
4108
4107
4065
4108
4032
4014
3963
4132
4105
4126
4056
4054
4123
4111
4106
4105
4106
4108
4098
4110
4102
4102
4094
4124
4098
3978
3892
3979
4104
3976
3980
3968
4106
4103
4103
4103
3980
3976
3976
3976
3976
3976
3979
3967
4116
4117
4101
3970
3980
3982
3979
3983
4124
3978
4106
4126
4125
3972
3979
3974
3980
3984
3970
4123
4125
4100
4107
3980
3985
4051
4052
4031
3978
4050
4050
4050
4095
4126
4051
4127
4128
4092
4089
4088
4106
4036
4113
4109
4104
4101
4099
4101
4118
4108
4098
4097
4050
4101
3970
4035
4101
4100
4013
4057
4105
4096
4057
4064
4065
4109
4107
4108
4109
4111
4106
4057
4052
4122
4058
4054
4059
4059
4058
4024
4062
4110
4109
4060
4062
4062
4062
4043
4170
4018
4075
4128
4122
4130
4106
4122
4116
4040
4115
4116
4123
4055
4143
4141
4146
4139
4047
4113
4052
4201
4034
4034
4035
4073
4156
4157
4115
4001
3970
3988
3978
3932
3929
3963
3962
3964
3935
3954
3950
3928
4031
4054
4063
4058
3984
3941
4044
3993
4051
4111
4038
4056
4044
4048
4036
4124
4046
4118
4055
4054
4053
4054
4054
4050
4054
3972
3978
3978
4187
4093
4189
4151
4069
4069
4065
4137
4135
3929
3929
4136
4138
4142
4136
4073
4071
4067
4007
4071
4058
4076
4064
4087
4084
3935
3978
3935
3936
4132
3881
3965
3962
3960
3978
3910
3903
3906
3930
3988
3994
3993
3905
3978
4085
3909
3966
4084
3984
3973
3970
3914
3912
3916
3986
3989
3992
3993
3987
4007
3988
4003
4005
4078
3993
3992
4202
3996
4011
4196
4193
4195
4190
4193
4198
4203
4016
4022
4018
4018
3993
4017
4080
4216
4078
4022
4024
4026
3994
3955
3958
4253
4241
4072
3952
3950
3986
3994
4000
3983
4005
4084
4071
3951
4018
4007
4009
3959
4212
3984
3980
3991
3956
3949
4025
3981
4052
4051
4015
4051
4012
4005
4051
4050
4052
4053
4051
4056
4054
3958
3981
3970
3974
3997
4058
4015
4023
4032
4078
4025
4023
3997
4065
3984
3985
3985
4032
4078
4115
3965
3947
3968
3941
3941
4138
4096
4076
4115
4078
3878
3952
