265894
251971
263806
253778
260014
243829
267011
244621
277386
263318
262479
257243
261960
264559
251350
243925
244582
264796
241351
239927
251027
255970
271264
263661
269682
268546
274531
267956
254437
256815
252243
246965
250815
257180
242138
257406
258832
281957
252201
260386
251196
244095
264724
256369
268315
262346
273856
249962
258347
235671
254421
260437
257409
262527
273927
272889
242870
272496
269786
272766
252898
257524
254774
267446
266915
248743
259442
249104
256366
237596
270796
260160
254351
263510
254117
259998
264924
262807
238060
259005
276396
263957
256782
260015
245479
276785
259939
266144
257597
249662
270362
261857
253556
260280
241573
249329
251117
246371
251147
250123
262606
252592
262735
276000
257754
267697
267461
246477
259315
257389
256588
271654
260321
290737
265523
253572
237006
261552
275090
259760
255299
258598
244943
252202
258815
241360
256838
256406
253937
260161
252994
245771
243595
256522
242284
245596
237556
244660
265645
263695
256661
264228
234448
251758
265713
269635
263469
265007
253940
260164
272520
247740
240749
237746
258201
285138
248084
277916
259782
259275
254931
252182
255533
242622
261520
257163
254123
250960
281319
254700
246109
269876
275220
246658
280774
256076
266977
261457
259942
265329
250653
268524
259208
258059
265698
269111
249244
256769
261186
243753
259850
255136
250361
247244
267246
271188
258280
276194
261200
260779
235687
276834
274449
251285
266764
250954
255308
265376
260860
254534
253987
271872
246837
259793
263757
265247
256530
256946
254951
256775
260410
244442
254874
241785
256701
264864
262677
285091
247358
253745
259929
247242
271053
252043
253494
278776
254076
269741
258434
246011
251874
258566
257669
259412
260216
263933
261754
269952
257664
260609
267688
254108
249396
262292
259029
264245
248741
269374
264102
264272
269219
259168
250796
256720
251647
262575
259659
266478
259790
266361
271464
259884
251269
268812
266372
250714
270461
256957
258183
248988
252633
250138
264962
246791
265372
274072
241484
266539
243651
269833
258589
250750
252788
260281
254867
248619
253815
264664
246876
246005
261770
259494
272051
275845
246811
251226
269554
251846
261934
264378
255610
257145
249402
253801
252824
262881
245420
273360
259946
257158
237845
261424
232271
263660
258877
260732
251837
235004
262681
262828
249038
237775
260119
264884
262216
250797
249341
267658
250677
253902
248472
252017
246888
264955
268295
264208
250294
251444
243126
244207
241974
263353
275259
248359
241102
254066
255352
259127
259392
266710
254628
248948
266806
260041
270518
251485
242947
247450
241388
260788
251581
255175
267092
228918
256785
275982
265293
257133
249771
245982
261598
261161
247818
271367
256149
263311
268378
270355
254082
274269
253277
257001
250093
243752
241926
266814
250340
272012
260154
267167
249329
260891
253310
256899
263757
257923
261092
254664
252740
268021
240541
257012
266902
241568
269145
258806
265646
251087
245726
269950
258170
269105
267133
263599
247983
264126
250207
251701
265477
261686
271041
256965
244818
269650
256147
264813
254822
261620
261396
275866
250566
252837
253042
257987
262715
259075
264818
261565
266721
255833
249627
244688
248609
242917
242492
265550
253095
281316
245782
252662
262025
270193
246022
254352
254634
261792
264274
242619
271050
271095
233529
284122
288087
261136
260006
258702
254561
259984
263259
257093
239249
264085
248956
248877
259496
257996
248606
249918
271146
263044
248165
256528
249367
262139
258854
270965
257434
261972
256452
254667
255083
256044
256199
262332
255120
247121
262488
251269
244311
271060
252545
272091
250440
245319
268900
250000
256004
252049
260973
256267
260227
276587
255043
257844
238794
263962
256924
273317
263814
269484
250461
250967
262571
267832
244086
256407
266130
266976
252150
267655
249240
227577
259250
259103
251195
266428
248208
257197
265932
261388
270147
235044
254302
252768
266427
231605
263590
241517
279834
267174
253062
246524
259256
259941
268774
261739
256371
250095
266187
242778
255501
245030
235297
263298
245639
252903
262137
257119
244033
267143
245052
260253
254023
258125
271229
266194
262424
268947
263981
244269
240762
256931
263135
249584
270314
255117
252143
250090
282094
259363
267911
278185
250277
265278
250441
261165
253057
258975
246740
254685
250776
251951
258465
253689
258008
275209
265323
250291
252168
259742
250039
246861
253760
270021
271384
255276
274597
249169
257426
268279
266570
250173
271970
261104
260811
266495
271060
250103
256499
258261
247148
247982
262256
261587
267939
254578
253357
260238
263039
267749
258700
263545
273294
242370
258053
264391
262734
258336
264440
241696
254080
252676
247656
252099
272358
276086
254180
260433
262205
262469
264330
252638
262596
258484
263952
250778
269567
261057
271129
259188
262491
246387
265126
247291
264907
251306
232738
261222
272339
271522
261094
249793
253996
260018
250076
273368
273790
262000
249424
255854
255222
264198
266609
266654
249453
263364
251152
278140
272619
261699
243110
288092
254071
244709
249126
249780
272433
268257
267510
274079
271106
276304
244676
268432
258774
238243
265024
254299
250281
253675
251730
257124
266650
264643
264430
287219
249047
246898
250165
252821
249335
247185
278407
244505
255256
262215
258432
235384
240573
242086
251150
249226
263571
274041
252762
241366
266560
248940
267028
256996
256368
281746
239301
255545
275080
264881
258589
256677
270342
256691
259288
251168
243437
255449
248251
245584
257001
251770
247121
253623
246771
271813
264372
267058
240076
253069
250219
261123
265454
273308
248562
247696
246415
247648
261764
261165
257237
271678
250165
269834
252316
259469
250928
262999
255950
252549
253809
248478
248057
257959
255146
265909
256967
236880
261060
250175
253731
256692
258347
267612
247003
251242
248222
237028
252427
263704
276423
254957
257934
247669
247192
245760
262066
270486
258015
260448
243520
258639
251843
242411
264919
251430
258499
264977
265956
249140
255792
254108
252515
279596
255588
242006
271283
274192
249668
260724
256050
257852
268692
259086
289385
246495
256095
258846
243062
265308
249613
277164
252844
265797
264000
261271
254438
243419
263932
251355
256407
250456
246041
258732
257718
252783
248163
258638
247475
269401
260694
255117
258285
260810
243977
262883
253297
268389
270327
249630
261928
259876
266504
259320
270437
259952
258111
278291
270231
272229
245648
262698
262161
258682
273803
257394
258556
262775
270345
242355
238960
266389
270067
260934
256782
247962
244581
247520
265943
251106
248279
248282
259647
244489
271698
259153
266005
266569
250096
272398
248251
262374
262919
249007
258295
245903
250393
270573
261257
252868
246224
256038
258765
244760
263048
251095
252438
248841
263081
264886
254808
266297
256758
263433
258406
251363
262134
266909
259969
245223
249772
241072
256774
266085
243868
251285
267926
255483
259276
274424
250587
232918
261084
252615
252680
259601
266729
259391
248478
249084
259150
244044
259057
276632
248252
256478
256727
248220
238022
246747
241285
233764
260125
251265
266075
246595
250029
246841
230885
262291
251172
263843
260746
256657
245180
278354
267686
250624
255839
278078
247877
250712
260606
265135
268223
252514
249966
261572
253532
259861
277914
252975
253396
266499
241830
262585
254979
252297
263519
255764
264158
241935
246437
255600
280916
244937
257667
238674
265648
261617
267098
271810
273330
260645
260573
255155
252489
256187
267328
248930
260569
266374
281258
248674
273743
261364
261135
268897
263914
249449
269476
249854
262594
247772
256131
242885
261149
273022
250824
258819
243276
237851
272070
267790
251361
253572
250859
285638
237532
251486
270872
252161
268583
245211
256776
254838
263792
265750
245590
263886
260341
270981
263191
274920
252015
241115
233528
252283
268766
264122
250540
258996
268029
262487
254835
259237
248544
266801
254006
244717
260110
271874
263274
250729
240510
280721
230244
260386
242089
250571
256832
243400
257730
258753
269384
268543
254431
256439
261631
247476
253354
267031
266550
258100
257364
242851
245022
264747
265918
251150
271232
254130
251478
280496
253763
240190
245330
244830
276920
255270
266502
259791
248378
278907
243041
242187
259698
233625
244039
272791
260554
262613
244267
247677
259031
260878
256206
262745
246027
237743
255813
252735
247253
256041
257181
265000
273059
264931
259280
239480
240100
254288
270458
240942
248616
255175
247874
252734
276161
254808
267293
258629
248507
255805
252744
257256
258926
266856
238601
243175
265080
249366
263099
265812
266368
250182
225668
261896
259456
255062
267230
255433
253943
260776
254086
251173
249378
255941
250586
257958
274644
254525
261995
242019
253009
240935
270306
274077
257695
254062
267439
260826
263527
251625
240678
271624
265761
269322
248181
252347
250635
283695
263269
255971
251470
264811
260771
239752
259202
264920
274390
270996
272660
265262
251615
255492
242707
237570
253406
265454
257236
257882
250540
242965
254062
262582
257230
266114
246071
248681
263334
273872
239883
265543
243783
245006
250188
248837
264746
271832
254456
259064
262707
253211
244545
254993
257823
260593
258060
254153
262265
278368
272892
259528
273016
252047
270502
254076
251233
260429
257256
263591
262992
243709
250750
259531
251318
262346
279508
253114
267466
258803
259639
258565
255689
256042
258719
259590
262809
253191
271254
262201
250139
252877
226810
266886
255941
250144
251879
282493
260719
278820
254695
267797
251802
255290
263329
257493
280522
260800
245813
280888
259421
251888
264493
240891
238547
252957
258213
255192
262832
260577
263730
236053
256116
252285
255534
271763
267858
254064
256913
274276
254119
253324
262866
253953
267463
253412
258545
268832
259821
252124
267773
257734
246599
242364
265434
256614
257112
258810
265446
252097
236930
257057
257861
267233
261882
263775
267850
259554
281503
254551
254246
249881
255352
249526
269513
253704
257412
268581
261186
249315
245030
238455
245728
258327
254750
249785
248685
261918
269988
259258
261326
253487
262350
240488
250838
270774
269256
251212
273161
244046
249328
247274
257457
251098
257437
242300
245061
258657
241585
248491
269044
248640
254266
270530
280052
256499
260902
240989
237017
253827
243073
259018
264696
241725
258758
254134
258331
251774
256499
245855
238942
240530
250744
259399
270389
242168
249872
241436
267927
256000
254584
259631
245813
264805
254969
267788
275166
254440
270709
253046
263548
242261
262744
254689
255593
241350
261997
271845
268216
262111
253480
251201
238566
270276
262957
247170
265084
239999
248838
267250
253845
267406
271233
265284
258272
250355
261068
255393
251578
236526
247898
263857
242479
237860
263821
253824
249300
252896
263290
269884
258930
242506
259792
269040
271787
246466
264122
265044
269853
255409
241649
249905
259648
272968
267762
257185
260866
254997
275090
256832
267971
270909
254436
264535
270274
268958
268985
271736
272340
250799
260178
246589
260112
255686
270271
253101
268314
261358
249911
243360
257319
254428
258471
264574
258463
258423
259637
268770
247443
237554
250242
252802
258615
256969
251126
265460
243430
266618
260788
270756
254512
251217
255045
261003
234383
252440
256495
276147
233819
254291
251245
244736
262752
263069
266257
260445
239027
266721
260724
256653
254558
259080
255187
260152
256406
264116
264374
245531
261296
250033
258618
260413
264395
260269
256416
255167
245811
244709
255671
242910
255301
245811
255186
246420
269659
248379
262317
257138
272443
257372
257969
249919
257701
272695
266935
267441
278363
243963
275035
259574
265203
272600
249867
263467
240358
260070
245630
251470
261111
248503
240398
258540
243165
251860
243412
275822
241850
260964
258244
253884
271681
264420
270693
270803
263766
256735
269622
276752
262277
272119
258571
253144
251631
241300
243414
270651
247572
262789
253100
254991
256345
270851
239193
257851
265234
258063
267280
272877
249778
251537
252561
252456
255736
248757
253723
250334
265358
245328
263142
268987
256682
256150
254712
248683
239832
271079
261420
252237
252138
248081
256004
248120
271813
253122
262902
274448
255975
252406
254031
267822
258726
260331
274870
268935
261746
259243
270479
257568
257548
254011
260367
252667
244083
258504
241774
249343
267968
253818
272075
263170
257980
261106
245965
267769
255768
254635
254680
260357
260397
255710
243669
255424
253140
253104
253932
263857
266063
250664
251107
261028
267791
260808
261832
252931
246603
246079
239244
248840
258239
267034
274033
261214
257111
255441
253439
253394
265595
266992
253190
247667
252003
252595
251449
265686
258122
264835
257220
262009
257285
251946
275698
269242
264913
264232
244054
259862
256556
252867
266233
250647
261275
266872
276149
254860
267540
267484
257157
250327
264744
252410
250388
245959
248326
270645
244688
248261
269783
244148
260690
255231
275109
263633
258800
266811
253137
245941
234337
278227
241604
254788
261813
240728
261671
264577
249776
253617
246997
259330
250059
280264
261048
257755
271654
269838
257376
264127
243935
265560
252251
257898
265812
245658
263926
220852
255939
259919
272017
258050
251382
243008
266204
260091
255685
247175
246471
260230
262210
262949
253862
251188
261933
244894
266108
265618
255116
273378
243884
255824
272754
263406
258440
248699
275255
264761
260003
252082
260827
262498
262248
243499
256914
256060
252763
268529
248329
254625
260468
267326
257306
274274
249986
270760
270979
247006
263128
249094
267070
276549
268533
253207
269326
256559
257670
261536
270105
243304
256861
256237
263346
247516
247733
249669
270974
249340
267246
256073
246537
265355
269554
244392
267078
256870
274255
266651
252588
256813
259480
260833
274759
256636
248567
283813
257025
276265
261860
259731
250336
258294
276742
242136
258625
235959
248297
239076
270423
254461
263918
273753
265187
256850
254674
272466
253669
256910
262061
233711
270512
238627
266700
271491
271795
248264
275252
267427
262601
253200
269398
242298
268050
263153
264476
251156
255907
229933
246315
259136
246613
283171
260094
249034
260560
254230
259150
244288
271731
257553
259342
265303
251701
256105
255582
270632
261723
234897
249983
255114
265997
269211
266859
242286
253691
261722
261510
247087
255665
275078
258515
255297
254982
260415
274397
253187
254576
261995
261297
267264
229072
255855
252599
252428
261808
267394
243954
249391
250864
268329
259101
259644
240329
264229
241447
241370
253540
246906
270976
244193
259248
260466
235464
249313
259078
274692
262000
246908
255841
254876
262535
263233
248005
263465
248513
255805
265907
258955
264861
268973
246797
261456
239748
266029
272718
244222
259328
249071
238653
260060
258862
264945
249879
256727
250328
258671
254469
258383
264439
264070
271968
252627
249956
263643
261076
273836
259729
236513
261009
265752
253324
275764
256691
256591
263693
247504
265860
266928
265917
258483
241307
266193
258935
242159
255182
266346
262813
265776
259031
258100
269847
260156
257336
249549
249400
253537
269575
254723
251460
254141
260602
251888
263203
255980
252514
254680
247366
246386
249984
258871
261573
263861
253522
263903
260762
267446
258144
260591
252205
248703
246805
272781
253727
251824
261277
251690
272647
255454
241972
269350
255045
252595
265810
250482
253323
245346
287400
254669
266077
249392
261753
252261
252917
249108
249560
259522
245168
244524
255869
232869
263836
253084
266136
255143
272581
248145
272508
261257
248491
256477
246154
260902
270710
256751
228398
250690
255783
264202
256958
252076
267652
265003
260896
237950
252324
267593
254265
262812
260847
246642
264048
249527
257000
263853
250495
248505
275308
264821
266732
257493
245379
270762
262910
253707
254859
256712
248166
264526
243026
257650
253715
253493
248720
240564
260919
267346
241101
253122
264854
243658
247688
271012
240772
254947
259532
271264
258889
243781
287036
241273
252986
280826
263079
271799
270394
271120
250217
250055
244334
256065
249627
252771
250061
269430
258155
252922
267758
257481
261970
251901
258368
249641
263403
260665
245832
252754
267159
279158
243396
248779
244881
243093
251128
269963
275422
222843
256020
248860
242633
246188
239288
263221
260140
252264
238939
265637
258099
268117
261227
260551
263763
272505
246928
256136
268816
273571
257316
272745
273408
268502
260349
238129
262489
276498
250135
253289
276647
258042
253831
251706
240578
243042
260500
252771
255965
252181
265895
261949
279639
239445
263245
274707
261933
247103
258583
259744
248673
253021
252870
237471
260348
249019
253757
272338
269652
258694
248666
256091
253815
254053
239057
266608
248932
262286
245333
258415
262807
266360
255798
249886
248268
274269
277068
256419
264170
237646
264198
266415
248191
260039
261521
263612
243861
253369
271694
258042
271189
257623
240352
255472
231303
263782
269735
266337
257716
259152
247735
248787
262218
277973
248588
273699
272439
262956
242351
261344
265432
255465
253828
256360
265313
258127
242214
273362
273346
258167
261923
270030
244410
247567
260733
255620
250967
245218
251708
269649
256557
256334
262111
249475
271405
256820
263818
264881
260403
249052
260162
248250
255728
254548
259458
265818
253177
251187
253877
248638
265017
253683
276150
272747
260264
254711
254589
256285
252563
277027
258513
251923
285200
246946
245729
253492
256328
259233
233566
255629
268492
254924
254983
265908
262537
258478
249911
253027
254904
256901
281007
242252
243218
250461
275103
264445
273036
251620
261240
262654
259838
252239
243151
260483
268548
268800
270305
260456
269781
246581
264225
245640
271600
260999
252263
265509
245413
279462
250590
262066
252523
239824
245475
245746
261080
241437
265456
262457
269948
252906
270211
262335
258056
241465
249144
261040
270083
242051
264076
247261
247053
246444
251912
253528
260316
244582
256547
258318
270682
263940
236487
281236
263862
264610
261810
253048
267921
257669
255595
265070
259700
255229
247861
268422
270867
249290
268096
247135
244136
263774
248322
262516
248159
257993
252037
260986
269452
268102
267839
259931
244554
266652
248281
237943
268766
249127
259356
269773
248848
249998
241761
268790
248772
264957
252841
243241
260546
275104
254459
260974
238935
257180
244302
251575
242934
262370
262559
275518
264642
261437
232168
276792
241813
258605
267326
259498
248114
256144
247851
254506
239191
249941
275202
246332
256383
252638
247491
251431
252820
254887
244600
262158
249389
257824
245915
266071
253413
243216
237105
269302
257045
277272
272758
281463
275862
262469
265838
262242
256128
250465
249688
283581
253178
237574
263529
251397
270364
259335
257027
237318
253398
262327
254400
260065
256658
268742
243791
260595
254681
262122
246118
245716
276224
244912
250515
236544
244945
236236
250489
252115
252521
242904
249146
257847
257610
279714
264345
260903
255112
272655
269029
264207
254606
248850
272366
261967
241069
262440
251605
260345
275117
266489
258734
259758
249732
245374
252592
263243
265338
259024
264980
242064
270142
256891
263091
259196
255558
261162
270516
264590
252247
248028
263749
267460
258969
249123
237832
241638
258852
241440
262336
259132
249849
274167
276015
250522
274889
257181
264383
245784
258807
249455
255820
251105
259309
244608
238173
263120
267808
253931
264989
272464
244512
249075
248490
266836
259171
253383
252193
255691
250975
265963
240974
250052
244416
271520
261137
255772
244464
253898
262540
256942
233363
254006
269570
246143
253322
256619
267795
260608
247903
250174
257429
254775
271405
267733
247778
272585
260154
270199
262161
254000
252307
266377
259630
262144
251030
252068
253577
272398
279389
272553
238477
256914
254211
244928
276864
249568
262972
267395
261479
263384
267548
262951
278683
268479
259284
258303
250259
245888
262890
256228
255055
251710
265327
257501
242081
260474
247313
256704
275708
256235
246664
248565
257577
245683
269929
242183
260760
251981
258454
249936
269171
246188
248478
246276
250394
258090
254350
265887
253750
236108
261000
238507
258635
251765
276343
253280
261550
277816
246868
267104
245215
271153
264084
245165
259604
268771
246718
259668
242268
274837
272612
262684
257565
252246
266316
269810
262506
245800
247426
250221
266010
244209
256113
249766
269159
273043
257928
250569
277394
264653
247884
258991
265238
268042
257658
261650
268624
255172
252873
277366
252290
250909
255084
271459
230732
252302
251003
262782
286016
256821
253407
262274
257575
250312
250510
250161
260371
223339
264996
254050
252546
267211
269152
259289
255431
270593
242559
251580
252948
251461
270434
275327
266292
264332
261886
256884
270155
273836
259855
257745
251711
237059
248148
242438
257127
247928
267346
252020
245270
251070
262829
266007
236390
254115
267999
250697
249112
246015
239780
244760
249134
275037
261215
277550
235408
260572
252770
252339
256143
261123
253309
274413
251473
269380
243996
259833
266618
260051
265472
247195
268372
264661
252795
251950
253478
261235
257936
250035
253813
254469
247325
257118
268768
251880
260186
260046
256869
266829
258197
263550
250363
249482
249974
261928
250340
272911
259627
242879
271918
258698
239931
273737
279945
284306
252443
247823
260556
266210
233653
259957
264596
247864
254130
274642
249358
258175
259783
250680
252743
256963
259807
255829
240142
265861
265889
273764
252326
245382
272902
253377
268806
254733
267284
278705
269508
242874
261416
246271
251665
261691
267304
268999
267760
258030
240113
246288
258481
278376
247948
266243
248041
256629
256338
267229
246209
252453
254135
259282
252146
263352
254420
245746
249170
264632
241498
252477
266294
269239
251598
256081
265756
267832
247839
247207
272938
242259
259770
245610
258993
259662
274573
256827
238735
259628
259857
243982
255994
259986
261434
246835
270808
247199
260759
271183
273955
261403
270853
250796
260356
241472
274401
268266
253395
263396
257630
250862
263867
242452
259505
253362
242790
258775
266678
259107
254671
272146
274108
260941
247141
261599
261490
250534
254203
256976
277598
264982
265254
281357
255855
269541
257691
266747
257748
256890
253219
258034
259869
248477
259718
251941
261899
263275
271147
241082
261732
268261
264901
263647
246619
257895
245999
259454
271799
259062
261304
268103
259033
267362
239772
256579
275638
266789
247748
239578
254150
256137
263267
273445
269527
262642
249725
251209
245831
249219
251940
264116
254007
281442
263402
250407
254766
253970
255149
258532
269750
285777
272892
275457
259306
251355
258541
233528
264310
242012
235797
265403
250010
256827
245873
266182
247618
264396
224938
254871
269693
271780
253442
254746
227094
251515
261662
267632
260103
243985
269151
245088
255761
259635
251698
252834
267575
264114
257999
262773
249960
246055
259883
271194
250180
262309
247047
271945
253423
253013
270511
243361
258186
247932
272460
258233
256591
247034
253981
255000
264350
255976
251493
253294
259878
259187
258388
249003
269429
248365
271735
279825
260239
254308
247870
251010
250656
263035
261099
277462
248013
252122
258110
263393
260298
272097
242223
254627
235002
262739
256493
268126
250471
264007
264576
261007
280150
263067
249771
260416
275234
271052
249817
277582
264103
270245
261706
275301
256571
241333
258949
253195
259899
258716
246622
263302
238475
264737
254123
248843
262331
271337
261250
253310
258070
269558
254525
250780
252299
271295
247371
260142
270009
270684
238928
265217
253472
251194
249522
245298
282018
264402
253404
274197
243183
250378
257356
273965
255307
267597
252325
256713
269946
273514
270580
272451
252885
249158
265543
249884
255807
256572
246689
261208
252303
258974
252036
263234
264805
255545
251741
260617
256877
250947
231346
255065
266500
242282
252628
250805
272307
259546
239286
246949
259161
256742
268847
249305
247377
256188
254783
262847
249292
278770
263457
250988
275033
265301
276916
262942
259671
246885
245695
262352
244965
259227
267370
268582
259055
254986
265857
271385
267614
258866
253270
250202
249772
262500
262512
262751
261227
261662
257570
255642
270011
259494
269563
269264
251597
246582
270401
250402
267406
258857
236379
255371
248392
259215
253085
255795
263307
273647
249632
248013
278012
266198
241419
253828
265897
266317
253894
253579
264559
254988
271182
252279
287042
256664
254533
268057
251261
268046
240016
248535
253935
267506
268305
263925
266202
241796
267063
245944
241792
237186
261656
260166
270887
274591
232002
250562
251583
257260
259473
267963
244611
246953
275759
241944
260255
249851
265568
247636
263257
260750
248029
252532
264144
259236
254075
256303
260248
264438
261977
241937
246913
251336
249238
270256
245618
254649
253101
254632
267284
243631
255945
254604
249517
270092
261344
241011
260846
263928
233826
269233
263437
253090
262745
249165
259632
248934
254370
259825
259230
245981
262649
255831
248674
273483
256685
255074
262091
257401
251570
261951
271714
246553
256888
263762
253146
259307
246824
269350
271992
253470
260249
259370
249819
242625
242445
266776
270751
236579
274356
269024
274452
262701
266596
255981
266799
269582
257170
247634
252728
262680
264642
264172
269563
254698
266756
257281
252723
255048
266123
234134
262208
261300
262395
255689
267874
262420
254988
254132
254050
252656
250500
264929
253254
237149
253758
258168
246391
262707
253719
253515
260140
272055
265505
249387
251004
280895
270248
257688
269565
256897
253205
273143
269349
256532
265748
239875
262123
260877
248728
257951
263461
262188
267242
245176
223694
257263
256886
260777
254502
268037
264609
259805
272359
247715
256842
272561
265250
253806
242620
259659
251739
249115
249685
240578
283752
252794
253607
253089
273837
249697
264862
259144
253370
252439
259855
252617
268532
266177
249674
273444
264868
255459
247619
253177
266835
243989
246009
254052
255949
251336
264844
258867
262726
269312
238899
259775
277533
259945
268880
278912
287010
261756
241112
257198
263700
261692
250585
225296
247117
254536
260733
258633
259998
264184
253907
248873
257117
247149
262017
274609
267329
262508
251383
250696
268957
252022
277763
237938
256714
247155
268702
242693
252868
252121
262511
261788
255895
256619
247792
254389
249750
257320
242089
255672
258380
263813
263976
268718
268744
248351
261136
245275
253587
245854
258169
260093
251070
256306
255664
272812
250036
238666
242495
261971
246653
264467
275119
260179
260385
260540
255378
275595
256451
263700
257196
250271
262065
270754
230091
259213
263799
257090
258207
254084
253857
252144
258905
259754
265690
274101
261654
271092
240250
267654
261633
242635
249116
254602
271412
255111
236199
273760
256460
268418
259520
245394
274759
257732
255723
246543
260976
279652
262694
246112
246354
238064
239518
270335
272334
250615
263186
255273
258910
256212
253586
251646
255661
264336
260222
274799
267380
254828
278612
248678
250961
258739
259181
278626
252252
253257
276867
249261
248613
256000
268917
251321
262056
250217
254625
234875
259104
277970
259997
252137
248352
267211
239410
247044
261864
264687
277881
247631
243239
250046
229864
263428
245933
239571
246453
262865
246170
247231
257503
264777
250186
257898
264150
273749
239011
260019
247429
249123
250859
261015
281609
263108
271968
247269
254168
266679
274541
255038
252967
258422
270009
263275
235470
259169
253414
243761
248900
246464
246036
241799
256936
247055
261229
249699
261763
248221
263078
258906
244410
258833
280223
258078
252105
254706
266749
244272
272134
261600
261432
257886
266834
249375
259000
264392
260151
255753
269196
271719
277479
255234
266447
271330
236806
247450
253085
253381
249375
244084
260049
266586
263211
257446
244851
261710
256252
248475
263147
275378
261182
248155
251320
253206
281141
263525
250072
253237
270215
269785
264690
258783
263888
260900
267452
258503
255730
236913
246110
269849
263251
259964
247084
258105
252826
247284
251560
244494
259699
262646
270466
258244
268753
264769
257033
274933
250616
262026
254428
258819
260544
255111
254055
253708
248246
253834
249993
266505
272901
248577
252691
258052
271451
247802
246053
265087
250788
247652
258925
264217
253918
255187
260391
266353
257038
257919
254623
264557
274823
270337
260823
238647
275065
253055
250901
265732
264780
267427
250140
258853
249713
271499
246328
246453
243818
257617
247148
269547
277164
271134
262339
271308
255935
264948
267497
252414
243106
260160
256290
254035
238399
259137
252134
265257
271004
256165
257598
262992
272166
266048
259501
277454
255215
255034
277749
238959
246797
259468
258504
252631
240937
282790
254791
255421
248756
280101
258819
257061
238688
254743
260988
235865
262466
255862
259032
275770
240907
254064
254570
243887
258658
257300
257013
250013
269944
261942
253943
245035
253199
251763
238553
253430
246581
262240
231477
257174
258141
249471
249737
261848
255783
270081
246757
236354
273663
258052
272583
256397
247193
260933
266454
256945
263034
278364
257792
259986
277969
254333
258043
242575
256716
264318
246747
252924
251917
241276
274417
247827
253610
263923
248897
258873
247423
256600
247457
255474
253555
278710
240768
251612
259636
245531
254382
241052
248183
284215
243430
257186
246641
251870
262204
253469
247605
260675
259357
270501
267478
250734
266816
250834
266945
251147
257702
263859
266134
263720
262543
259241
238173
257939
253898
231295
246503
246627
269416
265514
243218
245580
263330
264573
274763
249807
252382
281787
260614
267727
276858
262357
268486
264587
248870
251426
261000
251024
245981
256616
239407
253137
264451
262712
250059
257835
249374
261803
263421
255931
249884
267380
265554
259904
253437
262644
267029
258637
260636
264974
250356
265759
260017
262614
249363
255862
257406
276077
251600
253657
259393
254184
256854
258146
246637
262431
251110
255687
251523
250172
256455
277689
261959
249116
245472
250569
252607
242720
261730
260777
255301
256271
240943
255696
246898
247292
245902
268062
247389
250577
258515
235200
251413
260630
254936
241027
260920
244634
262098
252586
266318
264743
253549
253710
236795
259077
261586
268112
258281
253940
255872
244779
258901
261474
267680
260758
259327
255380
255696
270108
234246
245726
251098
273376
258723
235950
263366
265507
255679
258952
247908
242938
257536
263797
270760
272220
281441
267056
255861
254137
267118
268658
261647
247439
274159
256906
257446
265140
260769
251244
267576
277440
244199
267289
248651
253439
256885
248410
259979
250281
262439
261949
261539
247991
256504
250509
248487
243396
251353
251942
239956
270104
245150
275902
263814
262117
258592
255322
255662
249461
255662
254757
257212
270735
245663
235720
260506
281411
241083
256190
238966
248477
245831
250725
256601
276517
265656
254066
267951
264769
251104
243135
265220
266214
258152
255762
249459
257584
246964
250864
267115
262249
268027
244144
257875
257003
249562
264445
261110
262100
260511
256707
238683
268015
263270
272685
257802
280060
248300
263144
251022
244972
254092
267929
242251
272040
261485
257194
252083
237817
274796
245345
259287
256587
259775
261848
264591
255637
242886
249646
253903
254651
274874
254367
255664
263090
252901
250720
259731
241761
262578
270670
264572
264638
268310
260061
245862
254498
239685
260133
258912
262667
271529
264925
256179
259645
254346
262164
270903
269529
269945
261765
249784
258287
259854
260363
264776
250087
245132
245009
257560
252113
259123
279040
274145
264858
239908
246243
260489
275285
255485
255894
266473
245456
261472
274506
257409
237212
263965
222654
268559
244562
267817
266545
258561
276947
248965
260033
247490
269055
254741
258106
257361
261966
255243
266384
261309
261058
259673
266819
254045
258028
255927
258671
247254
254546
264344
253685
274103
253432
259501
256745
249992
266178
265637
255001
236343
247295
252714
259182
254902
260810
245836
255961
255378
253073
249348
256250
249821
258068
243832
254864
258116
268000
264824
278781
251353
259163
266671
268566
250079
261188
256480
251874
254306
260373
265959
258810
249389
244013
248459
270339
260590
259874
254522
246932
267022
258863
275717
268724
256662
232946
252917
262905
258658
254532
253615
232595
260814
276919
260941
254449
237328
268335
256048
272440
251898
256044
274456
264275
255061
254312
263821
256583
250210
253013
263507
237347
242406
261288
269158
250782
260580
275953
242474
264499
260359
277003
245254
272281
235707
254588
261238
247257
253893
248716
250044
253942
263279
271973
262405
277195
254571
251986
256781
262991
257430
259332
253801
242591
255666
231379
267148
252865
246431
256454
258221
257948
270485
261868
272592
262645
257540
256084
245590
270199
265000
256222
243198
249444
271448
242755
272493
259538
257880
253135
260322
253222
260639
259690
280959
252961
265958
259311
268681
263198
255338
255920
258453
270751
254706
259186
258414
248959
226012
252263
244966
258060
235782
252372
266166
269817
265438
254675
270453
244952
249159
271710
240699
247841
260606
263063
256023
266914
237861
275025
261719
252334
260633
268280
251400
269174
253260
262702
253395
245880
256765
246143
270894
252787
265009
244039
265391
266740
258749
266061
271631
274105
258870
266720
256878
246035
256862
252567
250180
260995
268773
268641
259349
273415
252430
268552
262646
259977
249098
252414
244720
239696
265547
269399
266012
262523
257389
250918
259170
253732
267136
272616
281440
254125
259269
259876
258053
258344
262983
257270
265502
246172
252156
273180
267566
268790
262476
251139
249308
254861
265175
261113
235427
256958
273939
242037
259243
267752
253004
252418
261305
257155
257433
273516
267845
240910
245634
273231
262180
261985
275191
236548
257808
262894
246888
247841
262416
241747
259057
249398
266729
265921
260634
252097
251537
268290
253213
240572
255528
268424
231345
264518
262779
260090
237295
255178
253876
270909
275573
247462
253893
258112
254728
257630
256818
249709
261824
257786
244618
254943
271393
270148
268399
272455
262983
256297
269530
257410
247865
268072
243720
251176
251610
261024
249857
266474
254801
247456
252185
221621
235482
245887
256917
260209
265079
249127
275553
248154
252022
248568
256454
254839
240670
249238
278203
276434
264560
249979
259035
270565
245091
248174
262824
259550
249879
263490
256457
266283
245581
260627
254410
243765
256357
258088
256118
254724
258913
260510
269332
259253
248390
262078
259799
254868
259873
267541
252348
260782
259922
271258
263245
262069
251954
249764
261166
260815
265928
255051
252366
273933
258613
249481
270544
250034
267577
255179
271036
259872
257688
266050
240786
237900
260212
260153
261459
250646
243052
248385
253123
254535
256937
249810
275258
239971
259634
263305
251102
251348
273058
267656
276897
264715
257646
268790
256184
269765
265606
258135
256371
248153
258164
252315
261115
246457
247261
264507
254977
255202
269970
245119
257794
272459
257755
254266
254281
260659
261747
258413
281232
244757
267078
274213
257609
271385
253795
261989
244015
245778
264203
274217
252375
272522
269312
246318
266501
255057
268700
277106
268652
291893
264868
259115
275386
246295
247792
252017
246758
256882
261900
272349
249550
278223
255461
238515
244578
248309
255775
263121
269870
251539
258087
267089
256380
247910
258364
265540
240302
230861
271429
260335
241020
263632
244621
270375
251484
248846
246323
254588
259966
248476
239727
261683
263618
250486
269806
263665
251076
262370
252969
258128
263624
264238
258221
258038
251010
254478
244802
249690
257414
256947
264130
249944
262142
265282
242355
258492
235883
264926
250219
259720
250014
256442
276813
248059
261164
241826
276546
264444
238036
250754
248096
264525
263472
252050
260363
252017
242976
263337
256531
253730
274173
262209
244093
242975
265691
262945
256309
277257
261049
254717
247708
262536
264202
258353
252603
267020
269103
273417
265587
273902
259800
258898
241405
265507
270122
244732
262549
250453
247650
274407
245336
273880
254209
262879
242514
248884
260395
269788
258202
253080
261623
266104
255000
268726
261581
252212
255362
269525
247349
254064
276358
253057
272681
263982
277063
252395
270074
242767
267903
261124
261272
252582
262098
258465
248974
264026
270813
273704
268939
265446
255306
257145
252958
267915
275927
235873
260548
252526
260305
255985
266621
262802
251632
251224
261793
264294
254633
247946
248560
256503
262103
276694
236269
270117
247026
275804
258509
260603
253226
270121
246594
245441
255687
253594
252611
259820
247624
266548
251580
262308
266435
259504
264659
248384
250492
253513
240224
255017
260412
232314
251703
272505
255785
243838
263054
275010
228648
255020
250053
251508
262539
252650
241806
236418
251084
253194
259005
244922
252624
255957
261955
240196
265311
259021
254226
254264
255206
244242
243740
269452
260782
243740
257099
244328
266817
272845
247453
247802
265655
251125
249748
255049
269083
257925
236648
241468
251397
259943
240421
263910
264284
261856
268420
239444
254614
273034
270364
264502
268491
254171
251723
280294
238888
264950
250310
253705
251785
269107
263783
258274
264970
260006
268166
247839
244425
244350
247133
269434
254727
259357
255203
264352
266585
281060
252455
261542
274274
261361
256229
246487
274591
254199
249584
258508
259615
271886
254725
255020
265894
256196
259651
264202
259166
251618
279841
252929
265622
262582
243398
263333
238912
266295
259564
259621
255282
244473
259775
264467
254581
267378
266558
247643
263098
260969
277487
277350
250712
246863
272440
242842
254342
251939
260213
252144
250495
251780
251786
250758
262955
271772
277650
274273
265818
253539
270072
253508
253731
254191
241535
262857
277835
244964
258043
250770
273983
277660
252493
252761
257813
267579
263627
252826
259524
267363
261133
251427
262011
264112
263109
245500
257996
249467
251802
260795
265946
252545
250134
262918
258619
259479
261171
235214
257757
241905
249842
262666
261972
265202
268096
259426
262806
280149
272670
252615
242596
259408
278070
240310
254661
242244
257232
269039
264527
264625
259338
242006
254037
266879
256781
240360
248280
268617
245752
264473
249217
248844
270234
258216
262153
259032
248762
251611
274682
262393
253551
260135
261502
252497
259868
252225
261048
255106
269514
255867
260849
251056
255856
277194
279562
269435
279792
251846
253779
260328
252376
265103
261288
246988
248600
250020
266972
245164
245797
269364
285554
255750
265722
250773
242195
254255
278002
257619
253867
271931
242834
251147
272926
270662
278107
257402
254869
257303
253961
267887
256050
273423
261810
253482
274145
267634
254467
259179
258817
266590
253571
276160
268265
262927
263055
252972
247613
266643
241916
257474
249691
258182
270973
270725
245809
265655
257032
258743
255722
247637
248906
258567
253690
250099
271054
254559
245536
252393
247292
241090
257390
267892
260649
248962
272031
244548
247732
262835
261454
259560
264188
254980
270553
255495
262909
248514
246436
250443
271293
259756
270243
252163
251604
268725
244238
270270
247883
252765
250592
241464
262623
252251
254523
265049
259265
252528
267366
265042
266320
255640
259558
240868
261010
255274
265373
253267
271565
257793
261234
257708
266979
261741
250490
249295
257025
259396
264664
256328
254470
266662
255841
243926
244313
264648
262876
265840
272113
262190
241540
260515
250060
240940
251898
266514
260419
253972
273374
248624
240902
255803
251579
262018
254773
248282
252054
247216
269092
257256
257800
258871
246828
238370
247243
270629
269432
275489
265006
254775
258024
269589
250088
243168
254318
246509
253529
258241
232381
254714
259867
266138
250592
247914
255231
261214
240372
260417
267667
259463
268202
244857
245596
258157
247175
263878
258959
248938
268404
263735
248762
256902
244074
247791
259460
239306
258872
249304
262593
254319
263576
244914
265037
261841
250862
249359
258019
239205
257495
262950
250425
256636
251454
246705
257044
247730
248452
269848
264904
263941
259359
263161
252730
258508
252877
266389
261255
269252
262312
274541
249594
252604
261618
278361
253763
241169
251332
243130
246118
261626
271027
279216
272063
248319
247045
269885
253489
260539
280446
266384
257581
264644
259818
256496
271236
255020
265901
251939
272998
250337
267431
264457
256757
250637
256418
277741
268270
259869
247688
237970
256302
261499
269868
242632
245479
258252
254022
248545
264556
241120
264160
262822
266218
270612
241151
254413
252677
270653
264360
270272
251279
284082
265560
255562
253436
272426
278231
280458
259712
256822
265218
260619
263674
255774
262652
265350
248947
257580
247587
263247
259416
258839
264009
266261
259776
255503
259581
266387
264679
268671
242451
253902
260868
273001
254139
253080
257485
253296
246918
255608
261128
256675
271748
251401
255483
253214
241427
264663
249693
257052
261061
260456
280085
266344
266086
246415
253891
249619
271238
265848
252433
267779
268839
255298
245469
267060
231300
253027
250388
260800
236987
258842
256441
274407
242786
244406
260629
271071
259849
258724
260031
256456
262329
238905
253398
256650
268617
247487
279205
249764
244198
246901
244011
254069
254441
237206
247704
241382
265602
244402
255591
233657
247472
262011
265284
240335
261078
265731
251400
259325
268317
239869
254889
231593
265437
251412
271814
254380
258338
255217
263373
256842
260530
257583
249130
251004
254285
248730
257895
253354
255667
257271
253939
258676
270768
261757
255005
251652
260358
275247
248792
252445
245036
254804
251729
254274
254304
265966
269866
271261
267849
247720
257012
268559
254920
241054
254881
253236
265502
264203
253742
235869
245998
266576
269545
234145
259161
252693
254766
254682
268313
256261
255552
249544
246593
255530
266631
255624
246563
264346
255534
271829
266082
254625
257357
262355
262974
245337
275707
266230
254723
262903
260628
249792
250231
246767
246369
275368
258124
260347
262902
234400
284436
246690
263444
258471
252349
257088
261300
265560
260784
262510
277326
261510
272381
266322
281991
242752
247688
245893
260930
260140
264032
255821
252755
268660
255864
257170
247683
249800
261572
259247
256642
255653
250928
257492
288373
265220
248321
252152
242817
265418
262213
247780
245691
253477
263677
270025
224855
267359
263386
261559
259417
242843
245917
240565
262920
264910
265372
256875
256067
261382
256072
266088
263658
270737
260174
254841
255528
252795
255573
247369
274141
273253
283111
267405
263221
266133
250920
249406
258907
261391
225832
251884
259049
268812
254021
257053
273787
274457
263963
250750
241078
267490
272256
257795
259140
268586
252162
263589
257278
247080
270196
249860
252776
252717
279266
268781
246442
273807
242649
261996
244070
256611
279022
268722
255991
261319
256514
244157
245484
264804
261182
259153
244821
267141
257402
258644
255764
247691
256137
263947
269960
252191
260294
264857
272665
265028
245049
252974
249135
258773
247213
252077
255237
258601
264921
267693
241819
258908
246476
244346
257907
264256
267214
269744
264622
266034
262134
260754
252559
262685
261647
247678
263493
261378
244392
259593
237269
242484
270576
253591
253923
255272
252147
270040
277662
250109
263060
271529
262400
256262
253755
254527
260564
248365
259453
260807
249764
256939
257172
263659
260876
279570
263380
264360
250649
267692
260559
260741
259035
261259
248766
253100
259124
247048
240010
261854
256706
264218
265003
258145
253694
252625
256376
265479
251908
278302
255079
261085
272038
260608
247834
273280
256613
245042
255572
272915
253560
269696
280530
240388
259050
263044
268873
248855
249477
267558
273087
273848
239348
254384
251434
244187
254500
266551
256836
259536
252968
260063
242581
263728
255576
250087
261475
242454
271651
241299
258410
262773
255091
268705
243029
255971
274225
262483
274300
246956
249554
250149
255642
254449
250966
272053
256899
240939
258512
261686
248618
267217
253696
245860
259366
245344
258721
263688
265677
276568
244747
256935
266009
267654
250183
270518
259478
253807
276391
262831
275044
241962
269276
253683
276266
264441
253204
252528
272010
265216
248072
267095
243576
267570
250146
253677
281582
260832
252311
258320
237198
250892
267713
248703
256139
261972
243920
262085
249048
243138
258448
255741
265679
246993
268112
257076
255866
253189
241303
263397
243732
250850
264170
244270
257825
274406
235148
265776
251030
261794
267225
267258
250318
257731
242531
260942
253790
254335
254032
253703
250651
250734
239180
273115
246986
251520
268172
243792
271518
249446
256272
248682
257677
253369
238876
261124
245834
271077
253569
266777
251908
265895
250136
247324
251214
266706
250552
235756
249838
277622
261680
255591
253434
269272
239306
242911
266232
260657
256856
262520
242201
251807
255352
263736
262260
271298
262080
252711
259871
252677
252588
249626
270845
252427
269172
264085
271875
261758
258983
258599
272803
269942
258000
261011
264394
251936
261505
245266
276703
252163
262719
264510
238749
269865
258248
264530
256255
277986
251511
265629
258046
268650
284286
247180
262775
252744
249511
244221
259953
253440
250538
267517
261257
251594
269383
259797
250584
264203
264484
280060
247344
277224
263765
260126
275662
269098
257353
264821
262393
255242
261028
252710
282085
252462
249622
251699
264974
271464
263262
272554
250785
250578
250988
268947
253203
275129
256102
255810
247015
267194
257953
259875
275818
268771
255386
261666
246619
253697
252982
245782
253286
252117
277125
268018
268668
263328
260618
253758
252808
242050
257123
242443
244505
272015
271684
258469
256942
260436
251396
252512
259561
248881
237488
244256
248322
249914
258966
265582
243858
252088
274620
250720
261115
264369
272615
231434
267748
261891
270086
255619
235333
243485
274662
264745
258041
276904
268277
264868
256633
251095
260191
254980
256604
249142
253382
240552
266359
258097
250856
256290
264675
268684
269509
231383
274801
262123
256315
251772
260949
274674
265196
270524
260405
263490
264486
241269
272839
262755
254826
249438
251788
253074
248491
240339
241046
258568
260151
262267
257079
253230
256589
242434
266332
258201
251179
245948
250965
250582
255782
261820
268991
261916
271998
231111
264709
266282
265547
267725
261663
269205
251561
274767
261375
253797
250158
266938
266151
262148
256984
247323
264222
271410
268346
258650
236083
268804
253075
259890
259063
262365
245517
273971
263850
245222
270713
257127
261540
240430
252924
273832
252757
257494
258728
259744
265044
262245
265214
255654
258201
247579
258833
264427
237938
244447
252456
256662
258462
276272
234732
266045
263545
257522
253563
255170
258364
256616
266628
248248
276271
251234
270385
254369
249123
235985
249649
251565
260505
263036
264713
277185
226432
261761
268854
262625
247398
257414
239585
268868
256900
258799
255403
252944
256050
249023
252929
255072
260244
270008
261848
246446
240171
260022
267417
260128
254745
253321
240385
241936
258116
263822
258419
266332
269162
290517
248440
266710
265559
268962
254990
269287
263262
251015
252812
271296
266890
256542
273021
256269
263929
262019
256841
262931
244958
269416
253519
264063
263962
250537
244891
247472
258880
247953
269226
262995
254905
247504
258218
241938
258169
258562
253086
241390
259253
238290
245127
247066
281702
257238
247093
260152
258208
258551
260477
268377
259728
272830
256993
243332
254348
263586
257743
271428
267287
258054
249538
245934
267768
256625
239350
271310
269204
241955
261751
267012
254949
260528
249858
267361
253181
249127
247251
255099
255719
234456
249067
256869
281386
266115
253625
261048
260809
254880
256677
244172
243117
263727
253731
258763
258750
271862
256982
251769
257557
263211
252509
250094
262047
268561
244645
269573
258742
255331
239214
256809
251798
273609
249810
266791
227367
268760
256437
278736
251336
245946
248855
260323
264862
284415
238166
272265
239255
260695
258982
256745
279272
259040
266837
259577
249363
253875
262303
255558
252672
263869
254378
251950
261394
243813
254428
250186
256494
264471
250585
256078
257031
254404
246090
258411
260736
246205
262866
281088
255914
258048
260830
258396
254811
250553
263022
276454
255717
278019
260664
242445
251607
252538
253160
263284
260459
282123
232525
267006
257948
249354
235501
268497
264457
260698
249430
246607
252404
232305
263664
263946
259080
243622
259137
259104
260621
278758
260435
252638
263697
266408
251222
264333
266129
253703
254786
273687
259721
257742
253795
255640
266969
257307
252694
238772
257643
245815
249702
271906
246598
270368
259189
256666
250498
251153
261370
254891
253472
265535
280923
244252
256977
257023
268816
251150
263032
248405
253665
266910
251747
265327
257893
262296
242441
243036
249013
267801
247866
259350
259357
267129
247266
261651
256852
275184
252736
267725
221443
264604
259087
251191
242932
255705
238559
259216
249990
251747
254108
255455
249192
264830
265355
271336
263157
279299
262177
270763
265647
260857
239991
243609
265882
262677
258437
251257
262653
268357
254200
245319
258945
255251
264761
257591
245441
242886
243373
257293
258915
265500
263596
267261
264863
268337
261320
244163
262320
254342
269940
232080
262015
267133
262273
279981
264970
251146
253201
250579
255007
251749
274723
239552
258085
252180
261949
255053
238722
249882
269781
252817
253475
265436
260235
249215
238464
261947
260908
267652
245636
271113
259648
245838
252230
270057
262397
251131
256289
255069
248725
264357
269025
265852
261736
239001
245961
255497
262590
259565
252135
258292
254805
243594
244964
234396
265701
267455
255901
266675
269534
250712
250621
264706
249172
252951
271064
242414
269431
275089
255853
263399
260034
272405
283650
267486
248165
269671
253018
246665
263050
247003
262048
244620
267178
260354
245875
257793
256114
247961
267047
251183
240542
263371
250056
253812
270973
259490
255228
262315
262123
251749
238239
251616
250437
262681
241734
239509
260537
268191
260579
251790
255348
253765
256226
255054
277040
261509
246125
238967
242134
263456
262589
257636
260830
261054
269523
258118
229548
246789
253865
271886
273861
248094
250242
259701
262847
273607
256738
278471
280335
257257
255846
263350
252281
254256
242768
249751
247232
260504
262363
259211
254837
271437
254972
269498
268248
265049
256350
260692
250143
260227
261918
252485
264108
249859
254440
258589
267654
260963
259793
255777
253743
276449
234364
242025
255762
264640
251160
259381
255706
264615
258312
253810
256622
261672
280149
262591
248051
264524
234874
252021
258235
254675
246180
251353
250255
249698
264413
271576
275048
260694
249408
239749
260665
267696
252343
253836
264088
245712
251806
247694
264789
261874
262699
251617
268809
256433
240894
254826
262681
254518
253668
263648
250119
240926
256660
250111
258580
253873
253931
249632
238736
249376
274999
240695
258052
245915
249295
255474
258247
246927
251354
250729
266409
265788
251394
250858
257356
257825
267374
248812
259357
268076
263557
271616
259444
257660
243877
247800
276619
256591
244740
262822
253345
250672
256586
240553
254307
254965
242663
262532
248367
266561
253932
252769
254496
253736
251347
273282
238288
261716
269932
242728
255487
272105
263257
249984
255380
267781
248569
266094
246177
277204
271808
255599
252014
252995
273495
263613
251165
267964
277951
247406
236395
259938
255541
239292
260391
270704
266205
282588
233887
282106
247913
250787
257932
249822
237860
242117
259950
249018
269045
263556
245297
253936
259784
259787
245039
264234
264554
253434
263242
257738
255263
255897
269132
233441
252735
245226
248101
265763
246687
249903
258284
273349
257867
256423
256726
242535
266236
284689
248594
258174
262274
245953
263080
254477
255271
262480
258753
265455
275860
266023
271233
252436
256485
254005
257909
255345
253801
248867
256911
250993
265679
272976
259566
275967
253689
255450
267934
276623
248836
255160
250436
251533
267780
233862
278705
254095
273647
276289
274646
264772
268848
245550
268442
251026
266514
265253
249736
248018
262580
261358
280285
251515
253483
254007
260865
255340
260936
267331
256631
249387
257126
256686
255829
260808
253408
273593
273658
260974
274425
259324
278613
263534
254631
258602
256161
241452
262236
263189
254215
252678
258392
253555
257902
276532
258668
253591
267981
265963
266455
261790
258424
252092
261806
269514
262750
252338
268137
251963
272471
264066
264880
275157
238331
274329
257557
247327
260304
278514
249555
263701
257428
278567
255641
255900
241959
247744
265267
260618
245517
248908
251300
263264
266724
255948
251883
271195
283784
259613
248988
270555
255738
268138
261750
277830
262529
255687
251333
271331
253308
246617
266275
238707
239160
264236
246437
247408
261462
252666
242014
253985
244131
263572
267256
239009
260787
248755
259016
255449
272131
252134
271530
254912
267426
261348
262952
251267
251325
258938
277782
252538
265543
263319
281989
256746
263744
263947
254823
255473
278255
249552
268978
275543
255220
256529
257638
267307
255660
251899
271775
253647
271227
258529
257691
277285
246490
238977
270032
274194
273957
244869
251084
235341
264242
275147
261276
281128
246026
271103
258883
268247
244649
249421
251701
270459
248667
260195
241330
255189
264455
251522
244726
258725
254132
254925
250842
262835
252622
266379
254504
258862
234466
235028
278821
255095
248652
256765
253042
258454
256807
267697
254983
267467
271143
272489
260842
258859
253347
250071
257128
242401
264309
251144
254452
261394
247848
253693
243957
248456
250427
264760
264979
266223
265006
283034
259570
247497
252529
257850
237994
265239
273681
242336
265122
259206
254648
268255
256911
261059
256587
250419
252453
256005
255503
283546
240422
270506
270610
258465
252326
254956
277102
237693
248850
262444
264188
264506
253189
264879
260688
258859
259522
269490
267587
255747
266300
249057
262727
256457
251757
250910
264913
245019
253645
255246
261774
240613
247585
247234
256950
285386
266808
272225
239711
265322
255179
244838
256882
252540
251528
270652
262620
252380
241670
269909
259090
255522
253464
252643
262450
248337
244717
252021
262589
244412
269187
256933
280649
255776
251861
251101
251140
271415
234511
253424
257865
257256
274525
239740
250749
273559
241594
263685
262383
242962
238157
256737
253277
253046
269589
262942
254454
252369
285282
255661
254048
290508
264102
232849
241276
253217
248980
260232
262241
250852
248340
256986
251230
256524
267552
258790
245515
259459
266534
278066
265099
256277
264114
278303
250397
255923
266251
276581
249603
265681
254014
257859
268799
270020
257697
249292
264585
263964
271522
271378
254096
244398
267355
270658
251260
267310
248442
255926
259193
277283
251405
274445
245682
252240
251812
263019
253185
268204
254254
249280
249723
258607
260976
248083
262898
252127
260245
259805
254000
255640
266943
253205
257277
244708
266496
262471
257499
240913
260567
251060
262463
261208
252909
255913
256712
285384
264526
277075
253189
264490
261963
254513
243034
258420
265222
252216
258581
244454
266569
272209
261235
269893
264603
264522
257801
234963
268506
265407
263267
254513
261604
255520
256725
278631
245735
264442
250140
264991
275783
262603
263548
263799
267308
262432
248968
250638
238825
272457
273888
251711
271667
267357
273881
254136
263026
244222
259689
266799
255281
254820
264366
262041
260574
255291
251809
255844
249489
247554
252333
271187
267134
250255
272755
260638
265692
240508
256649
268610
261225
251058
237433
261520
273815
261571
259545
269826
241303
253518
256004
239410
256882
262625
264167
265568
256841
241810
253426
257278
258978
261561
240785
241443
268135
266759
254338
244992
236151
275873
245058
267259
280112
244933
257054
265775
247386
269574
248447
260012
256108
258165
271103
254730
243405
266734
267354
251751
270558
257413
248648
273678
258237
277828
264765
264321
253763
261041
257210
251051
242248
250062
268907
267414
252259
256832
262175
266454
267306
255881
271655
285920
265926
244015
239396
270022
265751
284333
240654
258488
262585
258415
267909
273127
258405
251238
252557
265865
259040
249552
273043
260694
268825
243389
265298
265740
272487
268607
247936
251815
260493
260876
257307
243861
260094
263355
260186
250931
244455
263049
247696
241760
248738
259073
271639
254847
275317
262316
257400
249195
247917
261924
244067
248482
237667
272003
273366
269185
271082
251033
268202
261703
257341
250929
251592
262095
262989
268272
235975
268069
248650
253050
248719
244329
264523
254035
270041
271968
282510
259332
279038
276341
247825
222854
254772
253912
272627
234216
248514
255349
235055
274924
259609
258702
250353
256694
238004
244550
244720
257745
242605
270910
256364
258132
259866
273128
257018
259720
261618
271005
249182
240414
263308
256550
249459
269185
244140
250667
247104
253301
246697
260482
255565
269421
266085
277499
260834
263559
256950
263338
246701
251732
253235
251619
249091
248786
247683
283493
255474
257591
242897
267529
261100
258932
249196
261409
260729
269812
247363
257747
241127
259329
263931
255460
257152
255788
275861
251425
268110
243621
240178
253129
269294
254204
261463
260319
247842
253312
256652
262643
255394
251591
256468
269473
248984
247027
264368
268540
255854
264029
242980
261251
253604
236215
242090
231317
257101
260393
263413
264023
252901
266017
254922
252200
264759
269208
258513
266386
264816
257326
255674
266356
274990
239101
244934
259177
277632
238775
254660
250842
260958
248748
239339
250094
249719
261992
244845
264683
242266
250159
266178
235564
234044
251127
253597
257015
253317
246451
267480
252400
237080
267506
249122
243261
259324
259988
237561
248135
247341
267159
261736
245777
268234
243132
257165
252996
249426
256839
241163
280659
245029
256809
246000
253009
253478
267181
242692
250162
250530
275858
253198
270267
267191
269611
262469
253175
262505
250217
255881
271391
256482
259067
260805
269028
260998
248112
254027
262989
257690
256363
252301
267565
270419
236757
256298
266197
239799
261727
268973
264290
258664
265125
235740
258041
242372
266165
277309
248907
281742
253253
252991
257488
254362
248949
267241
255079
260263
254826
256516
260955
277855
247511
252166
261087
237700
246921
268851
257863
267582
241617
256957
249822
247210
257587
272583
257217
261997
261687
250558
250696
262405
254926
249767
255209
265849
248378
252861
248868
240427
260826
243507
237596
252230
275964
242545
249934
271278
247753
263423
243703
266400
230695
265416
278968
268834
269424
265460
257488
259796
253079
257026
253595
253106
271619
254189
256997
255983
241979
254638
241689
265968
256012
268533
279811
260503
262433
256342
245909
270250
266014
254912
264206
280596
267000
250861
255938
261048
264995
272396
257303
261773
248274
263411
270594
269891
232946
260130
261685
249083
247084
262156
268101
262678
247575
258040
257834
275843
272494
269491
249300
252885
258751
251678
246978
265889
240269
267322
270812
256740
256720
272309
254635
254490
244946
267722
262140
250512
260828
251971
260074
237443
261403
258448
245381
266997
285682
272477
273051
264226
247441
259542
257213
248451
229424
255549
285662
249942
257320
254280
262112
248773
255995
251256
259508
260410
252530
265191
266377
248491
247573
266457
255588
275905
254545
252147
263284
261527
268428
264921
263606
271355
236876
267259
247669
261467
246774
259581
262170
246473
255964
235639
257916
265618
253305
261726
248104
244291
264159
263476
252928
250501
241756
255984
278751
238561
255478
262073
257319
253548
286880
260614
242564
248853
270035
265230
267886
253054
267957
260140
269576
245789
248982
255816
256803
251391
263607
268420
262418
261783
254673
245375
263807
240957
252995
246660
240102
256226
263761
258684
245936
268581
258457
263390
245916
267899
263028
257682
251974
259238
271099
269523
253493
260073
242504
267774
267446
258842
267443
249136
233093
260028
245969
255408
257643
273552
254961
249511
245794
253055
264580
262092
248099
252720
271915
248131
243529
279921
273948
245230
259766
257939
253165
269122
287309
251587
246111
280759
255253
258576
267162
265358
251289
238912
251420
256448
272092
251372
266133
248002
259921
247629
262257
264528
262562
261641
240259
250839
258377
260733
236796
252871
246060
244973
264283
265959
258067
272556
252063
247474
241120
267768
255538
253501
239022
269051
264313
267518
249537
252525
264267
262784
278993
263965
240417
252598
269842
268716
246551
258991
250931
253756
260178
265852
247083
253021
268970
249050
247560
256770
254474
253962
249599
265874
243410
245861
269246
270301
255762
257022
267208
248053
267673
272566
259216
278518
254069
259329
241732
255189
265455
253246
255657
254356
269295
268231
247641
256466
271987
262062
285096
257978
252283
241236
257372
245514
255031
253673
276711
273165
261443
249061
262275
265103
273056
233265
255546
285813
269064
269770
251144
264115
269734
242757
267170
257375
258921
266435
289414
249215
264127
255352
249365
264490
275237
255987
231293
262731
257934
253995
251807
255049
265205
261519
258825
245191
277912
257806
266593
258270
262627
261141
271399
270499
261089
262621
256104
253112
260972
260563
234362
247782
268549
267271
274546
264943
260738
256665
249931
251366
239287
263543
255980
255068
246534
251397
257868
266181
263648
257786
245028
249607
236111
264011
253430
252423
267807
253126
245837
252414
248701
254219
246331
255850
247827
264844
248705
257076
254257
251028
245838
252282
249707
256763
249520
235394
239908
264256
241249
268263
252227
237979
256961
239170
275059
247356
242806
266660
259343
243921
248305
251810
258512
250229
239241
261278
265208
252853
259135
254194
277336
261524
247747
256651
247714
257602
250410
249636
257793
251416
272173
261603
257669
255241
258484
236209
259170
276297
249325
261269
263042
268333
251748
248312
266955
267917
248711
236731
261948
266553
254615
262985
250768
243540
258021
271926
238628
262885
250250
258938
262396
265677
274168
262768
251195
284813
264964
261711
239837
272875
273145
260850
256553
255857
261227
238402
251998
278058
267387
265831
263548
271145
264740
255806
264501
274270
247809
266613
258549
247870
265843
260478
260758
242193
279057
250158
253274
276874
269261
259185
263387
256205
260252
260254
251279
271672
251744
259425
254921
262083
253912
259410
252427
257407
267079
258949
255889
285122
252414
272502
248532
248831
261829
248206
258692
257465
268614
269427
273945
249969
239541
247207
244154
249454
258803
265790
258522
241892
251824
245435
252607
271308
263996
256651
251698
264464
254460
262199
266210
263115
252255
262672
254905
240494
249050
272849
257887
266660
255794
258467
262158
276770
250705
256025
248533
267630
268405
252817
253001
273067
257103
255677
266711
260936
251733
245804
249902
262171
270078
265489
262626
268060
250249
269356
260047
249525
265694
247158
260751
256613
246364
251793
260525
257607
265042
258092
262539
241727
251984
253341
257491
254683
257399
272808
269450
243505
260870
275165
255230
258956
244897
261846
265172
271034
246670
262635
256160
259733
252148
267824
255660
269571
247999
254879
251318
252731
251634
261048
236676
257700
250599
256636
246319
258424
258991
268834
244522
263727
270504
245436
245431
257549
253445
240887
255497
269105
278081
272468
240486
256204
251567
276554
260462
266674
265561
244273
242670
258977
249212
256419
263535
242677
276962
262445
255321
253551
257276
236961
268266
252002
258086
253103
258162
270245
245095
257362
281112
235306
241596
242660
267026
259237
228149
266859
234953
264049
265771
239274
265133
266305
259630
256972
252492
250785
261507
254233
248192
265718
264632
275376
263315
273759
247741
268501
269048
271040
258023
259874
262009
249415
257749
253605
280701
269424
239630
267567
244593
260912
238721
246458
268458
243437
251617
246472
257950
266496
256946
257546
266417
267729
245912
249091
253084
248247
251918
255971
252031
243790
277437
255419
258666
258016
251851
261846
250124
274356
260944
265670
251351
242151
265756
254468
260420
259247
259452
265740
258897
251691
244145
265565
258280
257854
244976
256170
259676
260499
239512
264950
261269
262146
270158
251832
258720
263611
256735
258441
259336
250196
250943
254835
242768
257679
267965
245531
272423
275616
272066
260354
263443
258976
256127
241162
255390
255958
245739
249240
251018
231841
261262
272535
225654
241562
248008
249444
251587
241812
251812
242438
245405
272090
262590
254865
247050
257472
264169
275638
262106
279043
251952
250103
241669
286650
245846
240739
250076
244352
240616
267056
259638
243773
273552
265573
248656
242053
248159
251160
274946
259494
265570
250245
255203
260061
254765
260522
253496
250362
261336
244373
249631
255670
237081
260869
259011
260727
256616
252866
270544
265049
250808
245370
258832
262327
262834
267465
263168
258257
256928
259051
257157
238334
244601
277434
253869
261698
255679
254512
236969
225803
258906
246548
267194
254755
266594
262498
242106
268622
244177
257646
245936
236559
267491
255103
255837
262543
250654
246184
231999
259177
256215
266613
252364
260665
267166
269186
256868
273878
257281
256453
249720
251123
259240
247244
256253
239334
259245
269897
252178
251390
258864
280061
260186
252314
272666
254568
250116
256035
262734
262374
255921
245371
255902
264900
269656
277110
242037
263102
267095
259028
270793
266115
247983
266903
248657
257338
251205
236194
275097
254210
269168
247279
277148
247590
264692
258858
252718
273921
236480
252483
259278
255214
255446
254898
264294
255483
247899
258813
247242
270194
281428
257921
244297
264286
278727
260713
258185
251971
250373
276852
260824
254326
251764
266961
262408
249656
260759
258889
272862
260050
244522
258901
262705
271918
276416
252517
262899
259201
270312
273769
260601
255840
247524
266264
260697
279858
264539
241163
244213
260871
270100
243275
257278
264965
234631
248897
249121
246879
259591
233293
255803
251913
234586
259423
251028
278062
251103
264040
231129
255886
261512
256839
259097
263163
257291
246288
249934
263836
285506
249401
257223
254778
239525
258920
235521
259199
256635
256014
274846
258519
250470
260940
246373
256754
255668
254046
262074
274556
261711
267854
237292
280199
256610
253874
250294
244116
258981
248955
227515
243612
271792
256608
255991
262250
279280
260141
255503
234268
251327
255254
254472
243252
247135
275698
259791
261742
248941
268743
254223
267788
253707
259085
246742
259153
255805
271455
263571
264791
258309
265417
235140
266356
266282
256662
243692
270141
264502
264704
262372
260798
249521
246730
252609
238962
275882
265252
272606
263735
266687
263403
272925
258080
279320
259720
267069
247153
239723
251327
267115
248335
265126
262367
239131
241298
258844
253734
260875
269048
232459
266317
240436
269363
262205
274531
245967
262527
241629
253710
243192
253379
248265
247162
254720
252350
238855
257420
258068
244030
257913
248403
243876
251074
261276
254462
264402
253952
262130
267023
257096
259020
270478
243436
242369
259957
260483
260024
264278
238924
250934
248852
247567
257132
259153
244660
253542
261094
249821
263700
259685
262278
269391
238620
279200
244404
241431
254379
255702
252342
270745
262767
260987
272834
265826
266807
263117
264044
253766
278958
275209
267209
249804
259926
259763
251171
260464
247646
267478
257488
265074
266815
254990
265854
249325
264218
239571
260996
264276
281819
247173
279119
256587
258890
260774
241741
266827
271754
256410
269456
258638
260913
255647
263849
263634
262417
275003
243046
226075
266770
259909
248939
263095
240222
256900
251634
268482
246007
270542
252181
273226
274050
261120
269900
272747
255324
264189
246627
245809
232954
265533
258381
261061
267508
253652
269774
257165
263982
248820
255174
255380
256180
259691
266489
260265
245854
245378
244343
259510
246571
256705
261240
251477
242788
259903
259948
284308
262458
253322
266736
268137
259386
265237
252980
237143
244863
244225
260087
246103
248914
253776
251081
249138
255723
267003
262489
251047
258114
251700
254825
254392
261462
268673
259834
253378
260448
264238
271453
254889
268583
246945
258445
259872
272213
265569
253283
241416
258353
252752
266684
262720
255878
257843
263517
250757
251314
275563
251090
243040
261852
249420
274153
250754
268327
255814
247255
248024
244953
258999
242825
250740
264773
273590
264657
274263
253068
275514
254188
263910
264006
252067
259657
264409
255450
261337
258328
257483
254225
259077
269483
268242
259857
250480
254781
252624
257872
274068
255212
262240
247023
265393
253167
248829
265423
248349
259750
269903
236784
264724
258354
253933
272894
265419
258474
265440
243979
241502
275911
258531
266601
257941
263844
239918
268662
268710
246610
259105
256776
265709
274077
263158
259190
240398
253606
249087
248962
250629
264960
256889
259546
251947
282117
261701
245666
245102
249971
264699
255437
264128
244442
264151
250368
259096
250810
260137
257631
260762
255568
262895
244768
253892
266375
248387
247055
253589
263384
261423
245844
257207
240661
252251
270119
254432
241116
247553
260297
258976
270416
270143
273596
247242
264925
253009
244163
262162
233249
251827
254666
270134
269337
247856
246109
264267
268282
258403
269318
270629
241321
254709
247340
253018
250165
271983
274105
244011
262110
247001
249769
269322
268028
249876
267396
258009
248110
260731
263044
251820
246875
257895
241020
255541
241321
242033
252117
261999
253698
248221
245772
264092
260130
271872
261025
251556
260660
244464
240826
261370
248442
264760
250840
267162
272015
257981
247259
256301
262449
246847
267722
238889
266518
251983
240019
245750
243019
259274
240243
250034
253984
255153
265984
252672
268798
260474
242480
251311
267937
264067
264026
252717
249835
259619
266465
240197
240300
258724
257457
263120
254614
264359
273780
260646
237810
250621
271994
242566
254435
252750
238560
259788
262557
256723
254578
257761
266950
266691
248283
272695
280454
253567
253477
270087
262489
260837
266273
258496
282481
268777
273311
275042
254829
249938
258743
236882
237987
246690
251644
261383
251583
239682
255096
249734
254676
248490
245613
269621
255156
274425
250468
254522
271859
255867
262140
248580
272707
261076
232963
253081
251072
259690
248452
269377
267923
267526
257650
271994
255774
258219
271646
258940
262418
259878
264546
243592
246134
260636
265298
249818
256339
261668
264473
241434
258274
254814
270410
254821
253307
266949
261160
286518
254951
248899
257650
260830
253651
255403
255195
250152
262777
245775
266280
273840
267282
263456
261099
256408
253940
263292
259954
262861
247047
259001
268622
264592
248661
240122
240368
265269
263365
257825
223917
257290
263770
256999
272439
288536
274519
264582
257369
278512
262208
244868
252973
250617
255708
253572
259156
257408
273568
260171
264223
249636
264291
256460
261349
261449
238083
260766
262497
236719
244965
253640
251025
263315
252717
244604
254486
268612
252450
269771
240940
252968
255285
248535
248007
259120
257792
248709
256611
279616
252457
265258
247097
262426
235986
257380
250544
261191
273223
254148
273520
254002
275498
250426
280315
246006
255739
257996
261707
254144
249311
256234
251056
243646
267029
239816
