35859
37636
38053
36196
39163
39348
35006
37618
35080
36824
37447
35842
36688
37247
38033
36118
40771
36651
36514
38993
38578
37629
37598
35798
40861
35690
36028
38339
36589
37209
37149
36321
37016
41100
37925
36665
35174
38719
38244
36653
37299
37356
38577
36162
36943
36229
38964
37296
35888
37773
35968
37432
35852
39521
37085
41956
36747
37848
38115
37456
35181
37712
36096
39022
38413
36353
36952
37621
37932
38382
38300
37627
38059
36807
40568
38400
38007
34543
38387
37594
37006
34543
40962
36997
35947
41539
36646
39088
38341
41013
38434
36680
36643
39775
39707
37564
37403
40830
36601
36966
36858
38497
40575
36802
38528
36590
37385
36958
39357
36658
35849
39275
39046
40760
35774
36024
35749
35308
36920
39432
36044
36089
38037
35894
37475
36716
37431
37718
37294
38378
37770
35875
39083
37626
37327
35214
38537
35855
40199
37779
37945
37893
41045
38336
37286
37626
36068
36847
36530
39416
36979
42042
36367
37718
37575
36980
39207
37874
36763
36938
37595
38645
36515
38423
37433
37344
37539
40814
37559
36448
37932
36198
38008
35618
36825
39102
36813
41989
36641
36969
37568
38689
37506
35271
41086
37504
39363
36163
38114
36873
36085
36826
37697
36106
39137
38682
36846
36178
35769
37999
