30039
29209
31298
25731
27410
30079
32249
28148
27967
27797
28993
30135
28959
30242
30883
29617
32085
26621
30655
29700
29949
27456
26947
29433
30188
29346
28831
29259
29661
31516
28486
28349
30139
27780
28305
30009
31121
30753
28059
31207
29421
30057
29658
29555
30548
31184
32903
29199
31330
30312
29263
28286
29924
32057
30179
27968
29175
30715
29797
30269
27720
28792
31145
31054
28608
31232
30088
28904
31823
32742
30793
31611
30013
29951
27417
31204
28823
27215
32223
29497
31978
28482
26819
32912
30583
30028
32058
29469
30468
29194
27206
32647
29131
32882
31123
28697
32362
27434
30990
28371
30356
30197
29296
28641
31650
30885
32023
31882
28138
30257
29390
30341
32264
32289
30504
31242
31012
28404
28077
27928
26625
30322
32410
29655
32605
30083
33437
30450
29223
29640
31603
31549
29811
29070
28187
30474
28171
31984
28845
31567
27445
29000
29621
30574
28938
31006
32058
28465
31770
29361
28869
31507
32447
31351
27242
30717
29772
31814
29636
28865
31507
30013
31642
28191
28648
28439
30956
27933
31680
29804
30662
29760
29766
29005
26643
29253
32858
29645
30301
29212
29142
28720
32446
32421
28845
31531
30367
31462
28316
30859
29306
31543
31862
31131
29659
27501
30692
29217
33582
31167
27853
28010
32072
29423
31148
28814
30092
31175
31154
25344
31617
27658
26091
32582
30386
31789
28849
26777
28121
29500
31716
31797
32957
28418
30624
28420
27640
30238
29598
30475
31810
30954
30771
30553
29406
29851
28775
31233
28895
33494
27845
28982
28673
29147
29452
31218
29968
32082
30655
29910
29261
31553
30770
32307
28866
28961
28502
31325
29269
31019
29953
30530
32055
27649
29932
32949
30562
28999
30005
29743
28824
26764
27570
29137
31051
29751
28954
29682
30239
30041
30886
30793
29869
29612
30590
32202
29459
28465
29901
26263
26953
27130
29960
28993
30743
29607
29894
32270
30679
28579
28081
28211
29840
29149
30911
30699
27577
28685
29904
31645
25296
28986
28860
31965
28686
28166
29251
26918
30919
29983
27806
30560
29682
27699
30925
30536
30586
31327
31577
29478
28397
31811
28234
29104
30251
31887
27863
29480
30117
28420
30180
29701
28872
28820
30840
27394
30395
29962
28872
30288
30904
30139
30290
32150
30296
28010
30104
27670
31830
28134
30019
27881
29022
31770
29177
31213
26140
30054
30946
31048
30608
33636
28222
29725
28538
31731
31224
32022
29228
30446
27447
29616
31542
30353
28251
29833
29704
29877
29244
30859
25524
29930
32830
32197
30312
31368
32588
27973
27462
33070
30944
29206
31678
31579
31283
29127
28157
29076
30531
29533
28633
30360
29326
29701
28667
30320
26784
27822
30372
30755
31336
29807
33021
30573
29947
33819
27236
27617
29190
30070
30236
28932
31826
30488
32575
27767
29866
28729
30421
28458
29293
32060
27006
31749
30376
29678
26999
30518
30707
29891
30387
27325
29209
29175
28421
28156
30288
29683
28758
28462
30069
31764
32154
32422
30598
29125
28595
27765
30442
28668
31824
31858
28713
32157
31217
30408
29957
31347
29880
28551
26608
31482
30499
28131
28936
27720
26799
30324
31102
28594
32001
29649
33162
31315
28354
31001
31094
28448
31907
32140
28794
30027
32272
31846
27119
32593
32797
27821
29468
30234
27559
29776
30548
31940
29812
27249
30915
30532
28291
29610
28962
30883
30674
29645
30618
30742
28565
30675
31261
27240
28190
29131
29963
26554
31267
31557
31176
30788
29370
31450
28021
30344
29142
28139
31352
30797
29922
29484
27411
28828
30257
31534
30251
30880
28706
31027
27760
32413
29992
31665
30013
28786
30793
30291
30554
31305
25964
28827
33789
29243
28109
29802
31743
27960
32070
28493
31899
32799
29852
29976
31050
33273
28179
29630
28795
29647
28371
29513
31480
29736
27857
29055
30928
30305
28658
31359
31083
28219
30626
30456
29660
30601
27317
28012
29298
30352
30085
31439
32063
31956
32636
28311
29974
30253
28450
28707
29956
31622
28486
30181
31478
28990
29646
27178
31295
29977
31230
28747
28823
30956
28625
29450
31266
30364
28649
30688
30176
28062
28598
31119
28996
28135
31524
29809
30643
31768
29749
27563
30742
32828
30845
30265
32911
28193
29390
30501
30671
30376
27766
29735
29833
30423
31014
30316
28460
30484
31443
31302
29322
27900
28133
28751
28290
29651
28123
31837
27687
30730
28913
28428
29944
30684
32001
27593
30045
29945
27713
30558
31461
31853
31465
29473
29919
30312
27517
31005
31147
30981
31727
29963
30867
32137
31785
29531
28436
28157
30166
31980
32017
30839
32757
30527
27551
30288
29222
30061
29855
30330
31161
29001
29135
30334
29444
26983
29731
28784
28806
29574
30842
28254
29724
30385
30176
30901
31634
30707
27811
31192
28977
26251
31480
32263
29321
28383
30628
30623
31063
28526
29347
29258
29983
31564
27444
30175
30362
31831
30079
29594
31219
31883
31509
27317
30707
29334
28488
28818
30097
28330
27796
28877
29229
30621
30547
30391
30741
32515
31951
26931
31176
28677
28569
29539
29102
30827
31965
29022
28379
29261
31922
28100
28976
28349
29217
30730
30380
29697
31907
28264
29832
30804
30274
32626
31586
29735
31119
30027
30936
28828
31699
31261
30267
26159
30343
28294
30562
27464
30828
27380
29457
30559
28718
30068
31173
27975
30578
28406
26119
29993
33345
28274
30759
26104
27264
29314
27853
27144
30687
29328
28893
29590
26348
27902
32317
30023
31954
29232
30662
28971
30008
31168
27657
29774
31437
30251
31106
30915
30742
27845
31089
28728
28631
30209
28107
33871
30305
25509
26480
27477
27507
30954
31767
29668
30676
29322
31624
28190
28534
29665
28162
28886
27503
30463
28074
30898
32162
30702
28613
30491
31554
33181
30266
30540
30787
30547
28395
30121
27160
30830
27637
29023
30612
30933
31615
29970
30336
32497
27450
30361
27751
29686
30200
31081
29766
31036
31579
31011
27329
30244
30497
27271
31743
30639
28452
30465
32407
30878
29034
28637
28827
26203
30463
30892
29413
29668
30073
31350
31142
29360
28033
29256
27712
31346
30276
33689
29580
30383
30429
29225
31281
27927
29138
32405
28722
29052
30833
28530
28517
29254
27283
26367
29980
30299
29928
27373
29145
27854
28481
30175
29278
32481
32801
26113
29576
28310
31002
34664
33049
30713
30490
31295
29744
31897
30942
31668
30347
28615
30223
32939
24221
30982
31784
28789
30300
29278
31684
29771
26026
27311
30484
30238
29718
29773
28230
30598
32364
30751
31633
30030
32197
30033
28646
30998
28660
28278
31792
30460
30866
28170
30729
30739
29343
26751
31190
31978
29954
29950
30347
29742
29899
27675
27980
29218
30542
29179
29260
30129
28085
29936
28175
30623
27133
30170
29771
28948
28421
30756
31023
30358
29491
31171
29028
29774
30987
30034
30429
28346
31202
31878
30250
31626
27801
30510
30575
30190
30208
27617
31421
32010
26739
31559
27895
28901
29172
29481
32780
29137
31907
30940
29627
30100
32607
29153
30232
28891
31151
31691
29093
32324
31336
32838
30063
32579
27883
30556
29252
30184
32793
28460
31070
31954
30760
30042
31677
28390
30106
29789
30313
27896
26101
31204
30831
32535
31813
28747
29391
28456
31728
28301
30219
31425
30206
30360
28860
29700
31483
27540
31472
30434
31200
30353
29531
29060
30027
28793
32027
30040
29291
33420
29986
29732
28321
29980
31875
29826
26943
32259
30853
30704
29373
31752
27550
30824
28842
27438
29746
31684
28513
29681
30137
30753
29104
30660
29352
31743
28225
30120
30619
29251
29059
28604
29406
31655
31204
32002
30540
28304
30718
29399
31222
28573
28342
27562
29978
27154
32945
29685
32196
29492
34270
27830
29450
28724
31879
31435
28551
27374
29619
28559
29876
29423
30265
27893
29189
27298
32042
28076
31373
29539
32009
27738
32275
30750
30538
29477
29682
28948
31541
30017
30488
28419
29657
30130
31215
30159
29382
29547
30443
30737
28909
32253
28024
30461
31390
27489
27349
30068
31464
26138
29737
30242
30255
29826
31439
31024
30688
29683
28334
27916
29711
31436
28866
30043
28461
27517
32574
27129
31305
31165
30609
29479
28486
28176
26495
29263
32730
30478
27753
31744
32202
32401
30271
30744
29876
27327
28314
30426
30512
29181
31167
31413
29194
28696
29225
29874
30234
29880
26529
30196
28307
27157
28542
30527
32072
28155
31837
30312
29239
27466
28535
28088
29410
29339
30744
27869
31049
31962
29059
30425
29301
29552
29201
29627
32548
29220
32799
28457
32052
31857
28614
30014
28258
32030
32032
30120
30108
28407
31145
29847
28536
29020
29507
30898
30557
28992
29305
28004
29359
29920
30584
29546
27425
29406
30695
29574
30487
28867
28859
29510
29375
27791
32287
31845
27483
30717
29066
30913
30472
30610
30622
28388
31986
32654
30161
29061
30198
27942
32133
29598
29205
27905
29735
30418
29851
29223
26298
29010
29651
30726
29725
29350
27431
30082
33864
31238
29376
31945
28544
30432
29532
30269
29417
30421
28930
29534
33797
27706
29729
30332
30453
30201
31693
27319
30376
29049
30212
27109
31913
29612
30644
29568
29710
26831
30720
31223
28988
30096
30726
27956
28227
27476
30302
29803
29271
30339
31669
30141
29754
30072
31381
30734
27822
30713
31387
29579
28384
27186
29043
30586
31568
30168
31533
30638
33194
31627
30106
29099
28791
30313
29231
28559
32358
30833
31268
32979
26695
33027
31445
26730
29219
27941
29418
31597
29876
28414
31235
28581
31749
29051
28688
30983
30511
29950
26783
30485
28334
32529
31499
25788
31571
28859
28563
29423
31071
28368
28315
27803
30315
31871
30422
27907
30263
30000
31014
30541
31760
30649
29934
30327
30649
29179
28136
28236
28086
30785
30029
28394
29888
30022
29857
27765
29616
31601
28732
29281
30479
32259
28458
28905
30088
30909
29472
29897
29030
29142
29100
29986
29505
32010
28716
28967
28464
28393
28376
30074
28811
30918
28176
29222
30644
30906
28547
30791
31158
32948
32633
32989
25925
29236
29724
31819
28736
31968
29974
30085
30899
31331
30421
32007
28272
28427
32018
29219
31006
29397
31414
30885
26107
30225
33079
30370
30647
31306
31355
29323
28066
30141
30410
32057
31348
27282
33090
29787
31980
26581
27575
30859
31183
27326
27990
28420
28058
29283
31108
33345
29665
32075
30927
28324
30782
29018
28358
32614
28567
30881
28318
29149
29620
27695
28590
30360
30946
31369
31579
27969
29205
28306
32458
30335
28880
31076
30426
31590
31029
30302
29838
30895
31395
30584
30526
29440
29433
27937
31176
27417
29580
27845
28812
30572
31424
30099
32599
30180
31301
31652
30166
31776
31299
30348
28247
29776
31746
31950
28815
30472
28824
30099
28262
30313
29759
29141
30082
28113
30479
27132
28438
30436
27563
32832
33327
28797
31022
30676
30622
28834
30039
30660
29747
30544
29894
32139
31360
31953
32229
31800
30468
29609
27259
28982
30045
30088
28744
28675
27012
29187
30359
28691
29747
29739
30938
29395
28561
32482
30749
28260
31284
31440
30882
29152
31947
30946
28752
30605
30689
32195
27789
28608
28561
30553
30610
32092
30194
28215
31059
28116
28649
30921
29769
29704
27982
30521
31894
27741
31963
28965
27926
28168
32083
30869
31626
32859
28200
27828
31187
30463
30440
32329
30555
29628
28135
29999
30119
30217
28701
29805
27730
29229
30210
29266
27794
29776
31048
27492
30578
35186
28838
32755
33350
31022
31740
31345
29865
31426
31544
31243
29764
30459
29182
31566
29744
30536
29135
28047
27526
31544
29535
31359
30556
29248
32601
30742
28370
32785
28958
31539
28922
30960
28435
31741
29533
27494
29446
29355
31048
29802
29891
31745
29111
29413
29311
24627
30900
33299
34316
28237
28707
28280
30426
30308
28281
33033
31171
30072
30225
29130
28441
31107
30046
30143
25635
29912
30290
31625
28061
30928
29437
30155
31029
30433
25858
31050
32075
29200
30311
29508
28265
30640
27135
27650
27875
30984
30569
29593
31414
31235
29136
29506
30423
29973
28943
31236
29955
24953
31127
28898
27258
27016
27734
30108
29237
30933
30256
32071
30412
26801
29052
30774
32137
28921
30237
29806
30577
28823
29580
29963
30889
29551
30406
30315
30614
31477
29435
27895
27672
31723
28863
30746
27881
31279
33498
31299
32223
31837
30271
27971
28195
29876
31708
29834
31298
31204
29505
31019
32220
27254
26911
26676
32168
26909
29338
31243
27255
30852
33164
27416
29853
31168
29180
30369
30995
28196
29053
30393
27228
29997
25905
30074
31639
31378
31481
30568
31225
29926
28495
26509
29268
29502
31342
33390
30407
28486
30847
27750
29711
27496
31647
28746
32427
27731
27379
24814
30854
33022
32305
29191
29135
30906
29051
31231
27455
27482
29047
29327
31510
30603
29235
28231
28094
32761
28787
29708
29980
30535
31604
29092
29616
30985
28999
28461
28589
30509
28824
28524
28728
31804
29854
26733
31256
29464
29558
31005
31494
30818
29204
27919
29101
29251
26824
28257
29004
32134
27819
32343
28048
30529
30053
32389
29555
27756
30833
29233
28476
31084
29239
27993
31350
25591
30550
29590
27757
29669
32841
28953
29533
28830
33077
26588
25873
30668
30545
31413
32771
29371
28428
29201
31564
29617
28999
29371
29485
31994
31245
29296
31174
30996
31129
27373
28453
30232
30344
28247
29085
31163
30037
30051
30492
29055
30860
30442
26704
31440
26790
32405
29980
26549
26504
30140
30385
29226
31275
30979
26689
32484
27976
28554
30473
28875
28491
30909
28670
29067
29062
29295
26644
27522
30569
28367
29729
30517
29945
30896
31439
29034
26706
32353
31258
30894
27583
28240
30405
30708
31803
31204
33149
30883
29763
30794
29898
31044
29645
29848
26757
28789
28733
31076
30300
29740
32164
29612
30236
30853
28831
28419
26815
32297
30917
30972
28444
29169
31690
31328
28215
26274
30784
29097
28006
31954
31777
27429
30783
31420
30352
27386
30449
31033
30513
31483
29046
33125
30739
29789
29487
28682
31011
30801
31310
29458
32017
31692
31289
30591
30330
29131
31145
29501
31989
30580
32684
31632
29518
29940
29562
29807
29282
28966
28936
31782
32783
28412
30206
32728
30753
28951
28195
29063
30546
28946
26994
30135
31325
30815
29035
27141
29712
32808
30020
29341
30722
28523
30542
31770
30147
30993
28502
29469
28129
32100
27706
32793
30526
28699
29086
30795
28565
31548
29590
30134
30085
30156
29392
31758
30580
27780
29724
29282
30940
28836
28964
30466
30171
31495
29125
30315
29693
30889
29840
31987
25910
29840
26903
28113
28658
30081
30382
28600
33479
32334
31269
31126
28609
31280
29059
31226
28868
28642
26617
32325
33755
29128
31322
31309
31937
27515
32168
31839
32138
31582
29479
31610
29137
29068
28213
29766
31496
26761
31112
29282
29816
28167
30228
30311
32148
30079
28512
28297
30468
31205
31329
32023
28277
30278
29242
29631
29547
27366
28589
31528
30021
30744
30822
29510
25785
29187
28162
28496
29321
26854
29607
28800
31640
31504
28761
31073
27590
31847
27760
30490
31685
32048
29317
28383
30837
29753
30068
26232
31740
25238
31520
29102
32542
32651
30328
29155
30473
30665
28435
30872
29338
29751
32796
29175
27577
28028
29524
31015
30287
30273
29854
25789
31937
26647
27974
29252
29557
28148
29282
30158
26805
31442
31432
27262
29160
32280
30246
32363
30280
30400
26279
28024
28903
29103
30504
30884
31851
29738
30155
29849
30387
29448
30497
29976
29534
29643
29714
30605
31230
29439
30099
30434
29594
27876
30355
29507
30310
27244
29150
30483
31564
28515
30873
29951
31754
30220
29965
28770
32023
29533
29538
29709
32343
30071
29580
29328
30564
30760
31227
31182
30362
27357
31845
28291
28382
28671
30955
29038
28421
30165
31841
27830
28329
32076
30790
29957
30256
29630
29636
31030
31391
30710
28552
28622
31140
28215
30418
33873
30195
29709
29134
29997
28667
32652
29033
28646
28881
29871
27928
26492
29592
31056
30302
29156
28558
30769
30173
28566
28918
31952
30285
31709
30630
32167
32850
33793
30576
26769
31407
27604
28950
30924
31006
27653
31019
28757
29087
27564
32166
27902
27882
30099
31240
28831
29999
29173
29438
29359
31595
28430
32017
30718
30241
27698
31938
29765
29194
30833
29241
30298
30345
29275
29963
30121
30245
32711
32260
30119
28806
32186
28352
26667
29732
31443
29913
26095
30490
32831
26827
30002
30144
29357
30450
28604
28201
31516
31205
31031
28377
31088
30949
29532
27409
31782
27325
31166
30747
31148
30443
31589
30463
30054
29370
30249
31054
28840
29130
29672
28467
29121
31452
30241
30672
27031
32922
27505
29282
31597
30109
32254
32407
30851
29423
29756
31326
30450
30880
32390
29698
27776
28580
31120
28665
28225
30550
30575
31056
29386
30779
25412
29814
30621
31820
29356
26182
27456
32436
30653
31703
30078
30452
29841
29396
29828
32004
31119
29284
30879
31871
28969
29417
32938
30797
28272
30620
28402
28705
29297
29653
28691
31474
31324
31771
30881
29090
31380
28283
28341
29883
29065
29008
28137
29663
33121
28636
32558
27271
29869
31585
26483
30472
32850
30593
30842
31717
28089
27668
30613
27603
29627
31072
31480
30420
27935
30485
31183
28238
28331
28347
28283
29997
31156
26697
30114
29952
24558
29630
28583
28619
31891
28428
29416
26602
31680
28677
27740
31034
29805
29802
30856
31616
25780
31387
31253
25415
30909
29910
30597
29883
28513
29163
26666
30838
29710
27091
30035
29292
29993
29473
30382
30051
28347
31461
31473
31927
31894
28251
30486
27969
30806
33413
27865
32187
32563
28496
30967
30109
30447
28438
32969
31126
31738
29320
29788
32785
31060
31664
30528
29610
27714
30737
29326
28246
32474
27298
31167
28029
31175
30557
30772
33820
28285
30476
29745
26816
28540
29233
28691
29359
30938
29430
30928
29938
28590
29364
28656
29725
31180
30781
31622
33684
29194
30679
31217
30874
30495
29741
31485
28253
32304
29428
28856
30519
28635
30844
31976
24079
28457
28754
28832
29004
29942
28130
27124
28548
30439
29868
31183
32148
29005
29762
29587
29590
31040
29740
32337
24671
26490
27968
30581
28609
30644
30192
32447
30805
28186
30843
27988
30473
33802
28889
31540
30230
33233
29920
27668
32552
29622
30939
30179
30580
28119
30342
32625
25770
28986
30463
29785
27472
28785
28138
28558
30885
31279
30018
26664
28907
29925
30464
29045
31624
29100
28409
30661
29995
29886
31722
31078
30199
30217
29366
30778
30237
32904
30272
29033
31857
30603
29954
32536
27960
29243
29357
28992
30643
31123
31225
31772
28843
28075
31290
31656
31538
29681
32761
29206
28280
27114
31254
28931
29556
28433
27793
29163
28807
32018
29348
27809
28861
30202
30039
29656
30571
29199
28430
29835
29234
30108
28995
31349
28173
32187
29125
29257
28054
31197
30506
26243
29196
30389
30465
32430
29862
29997
32496
27306
28059
30212
32217
29324
31494
29513
28126
30504
28862
32310
28317
31003
30310
28260
31281
26328
28853
29206
31427
33571
31253
28698
28902
30547
31384
29945
31412
27205
27718
25813
28950
27535
30437
28634
29045
31751
29004
30052
30385
29531
29773
29121
29753
30810
30825
29792
32185
31164
29025
29105
28212
28183
28106
30946
27547
31798
28292
26894
33253
25871
30729
30824
30578
28597
30308
32382
30568
31378
28552
28987
31933
28569
31184
31169
30382
31893
29035
30609
29212
29536
27997
30498
28487
31105
32156
31556
31146
29159
28406
28961
32070
30845
27486
30283
28736
32805
30100
28040
30618
29737
30677
28898
30700
30289
29201
29108
28407
27665
30165
28167
29139
29982
30466
29889
30769
31504
29576
29586
30484
29863
31804
28604
32279
30632
29032
28184
29908
31369
31754
32264
28984
32144
29747
30992
32291
28654
29762
29136
30557
27904
30519
31852
29369
28286
31187
30497
29164
29265
27603
29179
31365
30071
30451
28889
29756
31373
30615
32266
30896
29319
31539
30941
29344
28681
28307
29988
28024
32052
28267
29400
30639
30400
29784
30766
28814
31510
31216
29052
31240
31428
30288
29315
31372
32654
31506
31436
28957
29369
26482
31030
26927
30066
27981
29462
31430
28976
30654
29545
30801
29831
30621
32760
29071
26306
29366
29480
28025
31689
31025
30934
28658
30507
28442
29598
31160
30802
31458
27593
29507
29193
30858
30062
30456
30671
30397
29336
31656
29221
29912
28433
31171
27850
26996
32600
32429
30902
28688
31491
30503
30706
29448
28163
29171
29215
32239
30201
29661
28455
29499
33335
32080
29340
31084
26381
28246
30972
32189
29834
29431
30755
28640
27583
28411
28062
30757
27569
32278
32589
28334
29445
31541
29619
28696
26006
32371
28544
29575
30122
27625
30707
32203
30154
29004
31546
31011
30436
32528
28453
31571
30935
30260
30162
29016
30829
28578
29916
31039
32285
31693
28256
29238
29256
28556
29104
29322
30186
30733
29167
28279
31047
29634
28610
29374
29306
30053
30149
30543
30218
30611
27476
28651
29546
29466
29117
28703
29055
31196
28141
30499
31163
28981
29725
28200
24594
30164
31090
29775
26855
31439
30737
32362
30996
32134
32654
29897
32829
29411
32407
30302
31272
31873
29794
29003
28088
31655
30196
31729
30369
31689
31912
31831
30884
30046
28015
31159
32272
33659
27919
29903
31011
31510
30418
29863
25760
29141
31148
27851
29973
29868
28539
29876
26870
27819
31186
26882
30736
29539
29206
28467
30259
30413
30120
33383
29717
31453
28864
32001
31727
29673
30441
33066
26996
31538
29578
30022
27400
28152
28928
30782
29182
31020
31822
27972
28974
28257
31670
29415
26755
27970
31771
27159
31971
29028
30864
29392
30481
29832
30189
29725
29821
31130
29506
29290
28808
27419
25794
28001
30054
32447
29065
30124
29641
28013
30958
29780
28450
29033
31251
31216
30997
30167
26191
30909
29343
31092
32126
31881
31089
31660
29997
30850
28539
28142
31326
27947
26159
26453
31223
28404
28671
27609
30615
30485
28857
29318
30089
31200
27883
30605
31934
28330
30598
29266
32488
30947
30139
29197
29212
28989
29504
28321
30474
29355
26555
29434
29843
31048
26994
30141
30759
28627
27953
31519
31344
32409
29017
31197
32079
28085
31859
30023
30741
29080
30751
30684
31778
29674
29726
31708
29535
29419
29596
27032
31341
31065
27770
31640
27844
26916
30335
29918
29982
30329
31310
29414
27276
24192
30988
28657
29157
28361
30119
29675
31549
29077
29583
29904
30184
33150
29860
29773
28194
28115
30789
29868
32989
30289
30940
30727
31961
28512
32218
28181
27408
29524
30381
32459
29427
29013
29319
28726
29505
27017
29398
30970
30883
30227
30524
31098
30522
30621
26741
30991
29396
28526
27770
28673
29410
28741
33549
29751
29720
33055
28927
31417
29120
29508
32986
27315
27536
30574
27123
30085
30668
28900
30969
28882
32322
32427
29487
30444
28616
30203
28639
30986
29774
31633
31899
30595
30428
29385
28262
30566
29376
31094
29167
26603
29341
23738
29918
30111
32523
31109
27543
28661
29838
31645
30908
31807
29130
29762
30892
31087
27562
31715
30559
29538
30045
30000
30259
27662
29131
30533
28958
29544
28668
30198
32242
30260
29493
31276
29880
32083
29674
33328
30157
31938
31954
30743
30862
32151
32032
28425
24948
29205
26117
29022
31048
25874
28836
28951
30283
30589
29756
29598
28527
31727
27226
29268
30800
30389
29714
31840
29762
29889
29870
29541
30612
31836
29560
33523
32222
29686
30032
29702
30837
31409
30785
31033
31172
29310
29436
27802
30410
25915
28354
30376
29414
30891
30829
30148
29787
27019
30369
27102
29979
31037
31676
29941
29024
28554
30241
31497
29357
29886
30291
29527
31361
30496
30845
30565
28210
28929
27707
28538
32197
34084
28647
27489
29440
30679
26570
33169
28988
30879
27705
26262
27450
28305
30370
29887
29677
29595
29075
30850
30628
28479
31616
31268
31287
30282
30743
27484
30711
28745
29966
31315
29842
28149
28964
29803
32709
29130
32007
30339
31801
32245
30269
30359
33290
30394
30519
30600
31180
28794
31640
28374
31286
29578
29345
30344
28986
31621
27674
29985
30397
31829
28232
30779
27484
29245
29839
29621
30189
30240
26061
31006
31113
27270
29393
32757
32365
28766
30087
29971
28228
30685
30294
30247
29993
31386
27451
32297
32554
30180
29703
30826
30131
29123
31758
29554
30304
28749
32504
30025
28792
27984
32069
29181
29440
33914
28675
26322
27795
29421
29667
29633
28546
27925
29689
30388
29970
26416
31893
28732
26694
29743
30035
30785
27003
29373
27517
30202
30979
32412
30532
29501
31517
33043
29671
28996
29994
28732
28813
30990
29543
28401
30981
30537
29918
30704
30823
27986
27838
29738
30141
28647
29408
30727
30747
27114
28502
28045
28819
30779
27754
28233
30627
27111
30849
30799
31834
25228
26896
26979
30963
31002
27810
27812
32052
32467
30527
29434
30112
33082
28403
28660
31680
29452
28480
31932
30051
28160
31790
28669
31417
29339
28471
28961
30637
32110
28794
34596
29746
29244
32151
31036
28039
29505
29693
31208
31262
29596
31148
29621
31203
28433
28908
30656
27928
29524
32411
30093
27634
30732
31296
30899
32710
30798
30506
31188
29786
30142
30603
27260
30937
31396
27362
30416
33033
29478
27512
30652
30071
29297
31259
27978
30497
30614
23950
28230
29830
32934
30368
32445
31493
29938
28637
30857
28402
28972
29250
30963
28191
28082
30381
28162
29040
28526
32155
31585
29527
30050
29380
27879
30920
32675
31856
32188
33469
32291
31493
31303
26261
30633
31428
29713
31038
27045
31270
31828
31000
30544
27224
30904
27234
30106
26670
30916
28661
30233
29374
31087
29859
31732
28216
31411
31994
30443
31089
31223
30254
28550
26426
30988
28368
30485
27729
29783
33901
31711
29575
31062
31399
29944
28421
31207
31409
29959
28583
32527
29894
30659
29244
31779
30010
30433
29530
29160
27403
29439
30307
29107
30702
30787
28379
28619
31255
26951
31879
28277
29077
32120
29329
27909
31666
29636
29472
29463
27901
29602
31171
30029
31640
31358
29211
32584
30779
29717
28091
28410
29911
29734
30631
29590
31580
28030
29812
28765
28604
27267
28314
30095
31662
30309
28958
28208
27300
30172
31770
25645
30883
30634
28701
29154
31625
28125
27983
29723
28538
25987
29819
28801
31525
26560
29498
30355
29686
28996
28636
28120
27872
29593
32001
30140
30823
30705
29413
30527
31038
30261
28918
30658
33507
28199
32616
29292
29860
31132
29565
30070
28681
27503
29380
32904
30566
30663
31922
29841
30946
28271
29913
32994
28454
29141
29062
30022
33405
30683
28696
29611
29262
28381
28669
29908
28127
29742
29739
30491
31160
33012
30652
29810
28907
29359
29100
30155
29242
32315
27533
30078
28878
29596
26075
27971
31633
27873
28138
28309
27032
30133
26574
29609
28909
28306
29210
29654
30381
31909
30709
28871
28997
28442
30968
31223
32687
30189
29474
27415
29149
30148
30534
31218
29493
29296
32092
31385
30274
29625
31577
30069
30741
33976
30729
30215
30270
32264
29180
29473
26275
26631
27571
28138
28802
30715
31296
30714
28868
27930
28249
30152
28586
30932
27409
28997
30134
27959
27949
29630
28483
28723
28873
29365
27754
31452
28442
31119
28651
30415
31199
32538
28743
29645
30100
29397
27244
28404
30870
28588
30389
31801
28512
32153
29702
27034
29860
29907
29635
29492
28651
30143
28722
29238
27138
28511
30971
27026
29012
33589
30701
31244
28984
31034
29986
28427
31236
31226
29910
30920
28764
29648
31797
30560
30312
31876
26096
26768
29176
30289
31249
29549
31420
28820
26518
29003
30425
31997
30399
31518
29988
27096
31411
28617
32077
30469
30207
31363
30269
29289
28349
29646
29552
28007
31571
29620
27690
30050
30140
29745
29242
30827
29108
30836
30947
26850
29506
30052
28274
28202
29018
26424
31373
30482
30182
31210
31953
29614
27560
29584
29221
30000
30195
30585
27477
29339
30859
28226
28968
31724
27485
30127
31747
28504
30713
30465
29634
30562
30406
32297
29924
28471
29070
29530
29295
27904
30471
32470
29695
31012
31026
31970
30581
29872
29762
30881
31772
30500
27770
30178
29626
30260
31062
30219
27521
32233
27930
28662
30422
31793
30825
31793
32998
28888
30998
28552
28906
29160
30735
28298
31757
26307
30405
29416
27576
30878
27099
30084
29923
30570
30001
30152
31566
28274
28849
29147
28968
27966
27305
30922
30910
30758
28094
30608
29742
27894
30430
30221
31109
32454
28963
30639
31388
30542
31698
30979
29846
32186
28678
30388
28583
30108
28408
31681
29291
29743
29482
27579
30862
32791
27330
29140
28505
28920
29674
30905
32725
28309
32523
33392
30330
29997
31281
29180
30724
28769
29053
30744
32079
28495
29077
26069
31220
30839
29792
32465
31578
28808
28534
29492
32755
29217
32911
30247
31094
31071
31992
29412
31823
31065
27499
31483
29881
30005
32055
31264
28030
27955
30032
28433
30656
30525
30244
30644
31024
27400
28570
32080
30378
26479
28278
31760
28329
30449
27402
25008
32553
30601
33296
28039
31718
30634
26372
28745
27637
32447
28599
30333
29626
31031
32542
29520
29487
27833
27326
30883
27496
29218
31540
29547
30998
30603
31975
27723
31124
29459
27367
31599
31054
30665
31105
32260
30770
29264
25234
29523
30062
31753
31702
29523
30623
28409
29183
32010
30305
28709
31668
30172
30851
31376
28836
29043
26856
32342
29320
29057
30291
30890
29953
29601
27587
29091
28681
29995
30657
29465
30799
29145
26212
27600
30375
29813
29578
30387
29340
27477
31269
30662
30531
29777
27556
29581
28771
28214
31438
32474
31257
31161
29319
29495
30904
29866
32005
30424
28313
29099
29839
29572
28579
28574
30832
29785
30812
31026
30480
30271
29732
30160
28861
32411
27430
32090
31677
32049
32533
28211
28823
30514
31518
32242
31938
30673
31305
28808
31215
28020
29916
29714
30088
31641
29019
29565
31241
29927
29490
27352
28874
29774
26901
31495
26887
31817
28631
30493
29808
28283
29034
32022
30448
28212
29544
28348
28694
33439
27442
28810
30170
30024
29031
27090
28635
28340
30922
29467
32391
32661
30659
29695
27664
30377
30145
29983
28334
27260
27113
29915
30161
29456
29774
28917
28788
30202
26098
33062
31138
33100
31740
29425
31252
29982
29807
26564
30985
30692
29127
30941
31727
33691
29604
28689
29746
30647
30574
29326
28487
30607
29004
29673
28717
31713
29577
30309
27633
29609
25729
30913
31847
28836
32808
30209
27522
27964
29205
32785
26010
28898
28710
34349
30186
32052
31864
29560
31600
28268
30796
30707
28619
29201
29540
29220
29178
30072
30110
28537
30671
30419
28624
31027
31800
29992
33037
29924
31648
27503
28326
29318
29809
27179
25973
29960
31742
28079
29512
33284
31428
29669
29256
31141
28255
29921
29671
30594
31152
30129
27804
29180
30599
26087
29868
29126
28004
29801
31632
29107
30650
26929
30202
29922
29383
32298
29336
31490
26925
31891
28610
27349
28530
29904
29710
29440
30283
28638
32785
29760
31561
29578
30938
30216
28510
31434
31405
29358
28813
31861
25925
30616
30626
29665
30613
30270
31191
29253
31127
31640
30682
30877
30079
29575
28716
28920
27589
29870
27968
29721
29197
31630
30927
28752
28846
28270
30382
32100
29844
28741
31992
31472
31043
30702
28826
30621
27814
28090
30862
28800
29213
28386
30747
29674
29137
31611
30758
30342
29524
29586
27325
32137
29111
31248
31299
26487
29558
28525
32136
28602
29136
30992
31731
29560
29900
30834
30901
29876
31274
29040
30793
29581
31107
28685
32935
28712
28768
30306
29965
30388
29441
27928
28495
31141
32080
28735
27448
29529
28378
32811
30798
28986
29571
29937
30296
29661
28854
30869
31473
29472
31189
28749
32421
29593
28069
29375
26770
33630
29217
30091
30804
31604
27271
28879
30193
31587
30319
27635
31159
28897
31970
31847
29049
31081
30623
30737
29892
29715
29425
31362
27640
29985
28496
27696
30041
30929
30118
30130
29737
30278
30579
32721
29526
30347
31755
26764
28963
29721
30789
29355
29334
27024
29091
31467
30210
30628
30835
27615
29089
33743
30940
30108
28698
24268
29081
30204
27313
30220
29476
31695
30706
31918
28088
29944
28439
32356
27595
29450
30777
33278
31155
26674
29972
31313
31635
30532
32685
27013
31714
30073
27477
30372
27966
31733
29541
29678
29785
28856
30605
30226
29674
31855
29321
29495
28185
29596
30025
29616
31921
26791
29482
28372
31406
33454
28331
30083
28081
30747
31876
29856
29529
27609
26921
29747
29758
30051
28792
28652
29085
32852
29568
28854
30038
31602
31396
31852
28863
29800
30282
28328
26385
31051
30504
33420
32204
30588
31976
30329
29247
31766
27895
27496
31661
30395
30557
26727
29613
31013
28078
30058
28762
29917
29080
29411
29413
30836
30672
31993
32218
29971
28662
28149
29417
30257
30247
29251
31535
28576
30379
31987
29576
29509
29347
31380
31812
28197
30385
30530
30531
32621
30611
32706
32338
32655
28945
31080
31886
28179
28585
30469
29596
29436
30338
30836
28347
31751
31344
29744
29276
29446
31667
30715
30146
30454
27692
31628
29593
31288
28745
26973
30988
32115
30724
29377
32121
31612
31248
29024
30831
31183
29427
28163
32106
30250
31529
28864
27850
30106
27224
28967
31754
30359
30357
31918
30006
31026
30766
30008
29314
30153
29580
26967
28586
30578
30771
31663
29592
29230
28437
30328
29282
29600
30547
30624
30642
30084
27821
31268
28168
27281
33705
30181
28050
31400
31283
33057
29472
28322
29255
30698
27980
31252
31398
30552
29870
28477
28671
30213
31390
29415
30601
29656
28406
29811
30825
32077
32136
31185
30385
30812
32453
27936
30684
30362
29546
30805
31542
29110
30232
31473
29893
30616
29320
28487
28391
26735
27296
30300
30759
28855
29492
29713
26874
30077
30180
31030
28364
31649
34670
31332
31347
29863
32520
29066
32340
32002
29133
30333
30391
29165
32172
27886
30498
28406
29972
30355
28637
28179
30604
29895
31133
30105
30746
30292
29790
28012
29475
31741
28614
33501
29610
29616
29546
29592
27246
29248
30660
29815
29374
27377
28299
30884
28862
29638
28453
28172
31770
31519
29136
32722
30185
30473
31970
29684
28647
28861
33065
31000
27707
30426
32154
31317
29526
30264
28641
30936
25783
31300
29594
28668
29087
32070
31234
31075
29528
26993
29675
27872
30904
30261
33734
29875
29889
29802
28550
30643
31373
26435
29630
30869
29067
29135
30123
28018
28175
31815
28159
29817
30995
29744
28726
28388
30029
29781
29702
29602
30735
29249
32706
31609
29990
29338
25812
31303
29952
32270
31244
29192
32070
28263
32714
30538
27663
31589
31330
29234
31986
29195
30472
28160
30663
29051
30316
31185
27660
31698
29115
31371
28304
30505
30553
28745
29705
30373
30540
32953
26285
26989
30025
30915
29759
29726
30670
30559
32696
29831
28624
27552
27509
32033
30816
29836
32208
30581
29496
28514
26503
31522
30062
31393
29822
30260
28693
29264
29889
27353
30334
27494
30688
31730
30652
29403
27503
30336
26647
30838
32056
29348
30049
30986
29686
29535
30563
30564
30879
31367
30455
30397
32046
30208
30096
33273
32002
33141
26813
31632
31116
27613
27428
29174
27739
29275
30535
28611
28704
31401
31272
30030
30795
29266
29413
26100
30021
29815
28020
33187
31802
27347
30393
28099
31535
29253
30370
31932
30052
32863
33024
29739
31348
29393
32265
32866
30667
29754
29332
30143
31887
29642
31323
30172
29747
29973
32010
33803
27132
32417
28620
31539
26987
28141
25311
30176
29028
30433
27493
31092
29248
27353
29245
30550
32856
31450
31237
28098
32043
28044
30504
29399
28748
30174
31057
28273
30367
30538
29698
28091
27556
28424
33131
28855
30888
27817
31912
31704
28986
29633
29539
28023
27149
29592
29606
30606
28257
28315
30126
28260
28221
25495
34335
29864
29258
33022
27803
29904
32527
28557
29023
28382
33326
28214
30132
28838
29180
27535
31066
29492
29333
26470
29204
29082
30815
27256
30139
27795
31032
31679
29256
26826
28297
32459
28090
31000
28609
26606
26992
30279
28958
30641
26742
28132
27783
28388
31546
29145
30212
30230
30514
30405
29025
30645
27597
29349
30893
28810
27716
29829
28084
33131
30542
29605
28838
30343
29773
29739
28796
27566
32628
29694
29104
30940
30636
25964
27505
29037
27004
27713
28725
27982
26527
28048
30929
28423
29603
29371
30721
29094
31301
30767
31984
31387
33035
30374
31416
33281
29318
29879
28258
29623
32379
30220
30873
29728
29353
30102
27805
27797
29595
31227
30672
32644
28071
30473
31012
29495
29965
27914
30891
27688
27248
29862
28027
30545
26323
31880
30079
28944
29426
28311
31989
30005
32043
30718
31343
29252
27368
30864
29932
30686
30639
33187
27906
33094
29169
29139
29333
30453
30188
26825
30697
27794
31072
32293
31565
29590
30987
28013
29256
31635
27825
30830
29022
30192
30682
30924
30579
29575
26845
28331
27802
30082
28659
30269
28663
32264
27973
31055
25975
31998
27446
28409
28026
29060
29215
30328
27968
31642
27529
30709
31976
31271
29906
28686
29486
30508
29325
31468
28864
29094
28085
29673
31821
26772
29387
29035
31747
31800
29034
29868
30970
27973
31648
29632
31269
31943
27503
32232
29140
30187
31115
31884
31531
27114
28707
27733
29401
28892
32342
28771
30756
28160
30687
29822
31698
27233
29013
28285
26360
29791
28953
31062
29944
26588
31472
31947
27132
30173
28584
28541
29038
27831
28567
29179
30669
30063
28267
31284
30984
29030
27503
29483
30831
29564
31431
31837
32594
32098
30682
27435
29312
29981
29109
30937
30330
29028
29310
31237
28114
26691
30378
30404
28012
30626
28741
28308
31192
30402
31160
30933
28675
28732
27117
28378
28550
29907
29959
30697
30299
30990
27921
28537
26619
28464
29867
29352
29047
31965
27118
27678
30296
29892
31426
28286
27209
29094
32850
33281
28319
31427
31637
28462
27977
27409
28892
27380
29363
28900
31117
29805
26265
29394
33407
25887
27884
29562
30527
29584
30308
29863
29487
32216
30402
29447
29903
30126
27885
32008
32099
31258
31825
29444
29441
28376
29152
31100
26900
29169
29190
32253
28348
31681
30601
32695
31401
30588
31812
28751
30457
30895
27719
31804
30879
28020
29014
29465
31536
27769
30710
31748
28625
28262
30886
29213
30580
33187
30961
29326
31128
29329
30144
33985
31138
30904
28795
30656
30746
31975
28370
30455
30382
29127
31920
26625
29051
31138
32731
32910
29554
30504
30523
29457
30516
31921
28879
31269
31172
28238
30042
28925
29428
28050
27457
30952
28251
31074
31619
25606
30582
29868
28421
29706
30028
29999
29806
28327
30511
29707
29394
31673
29755
31664
29645
30803
33781
31888
28550
30804
30220
28394
30005
28735
32828
30483
31117
30099
29974
30109
29371
29925
28396
28317
28501
32049
31825
33025
27355
32700
30313
30861
28493
32190
31270
31315
28783
29629
30343
30002
28366
27683
27871
32145
30357
28303
30930
30870
30001
29122
29323
30450
26678
30347
31182
31251
30743
27193
32697
31001
30311
30008
31922
32280
29656
30087
28459
30581
31360
27866
27734
31053
29787
29168
31803
33193
30337
30226
27326
26923
28698
29439
32195
29408
28135
31745
31346
28276
30514
33073
28422
32456
30318
31853
29617
31033
28052
27507
31993
31515
30043
29471
28635
27450
26848
29578
30748
30964
30193
30186
27850
30302
29974
27758
30347
29410
29172
30278
29018
28423
29590
28396
28375
30991
30678
30354
31079
29936
29258
31888
30454
24774
30231
29963
29031
29174
30974
30870
29687
30758
31338
29302
30750
30161
34116
27657
28320
29251
29264
31769
31351
29588
29165
30595
33970
27887
32362
29418
29040
29502
30920
28597
30217
30084
30809
26276
31202
30067
27522
27836
30660
26977
29549
26247
29737
30676
31321
30880
31125
28823
32264
29664
29766
31186
30434
30783
31419
29121
29855
31646
30575
30911
30445
29363
31358
30165
28355
28885
30395
29805
28705
30317
32056
32547
32401
28528
27842
29372
29416
28552
29335
28759
28910
30543
30136
31495
26890
32157
29260
32540
28956
27582
27085
30370
29002
29333
31862
27524
28448
31365
28627
30571
29935
25717
30625
33244
27286
29133
30484
27570
29880
28596
31009
30808
29302
27953
31845
32036
30495
27964
29355
30824
31234
30855
30033
29918
29672
28891
28115
30510
31259
27092
26926
28630
27484
31049
30771
30759
28961
29516
31493
28894
29291
29542
29580
30723
30701
32694
26481
28242
29853
27654
30310
30786
26941
28779
33095
30482
29370
28992
31131
28942
27730
28726
27848
28809
29628
29741
28536
31378
31633
31815
30291
28190
29108
28153
26965
31268
28468
25834
32152
32524
30307
29215
30512
29082
30075
29056
27876
32330
29953
29811
28819
29189
30105
31475
30021
30742
29367
30649
29725
27371
29893
28128
30867
28037
29731
31740
31627
30870
28617
30545
32589
29090
32087
28728
26125
32257
27785
28791
30692
27559
32636
30811
29883
28483
29169
30590
30770
30131
29622
28964
32408
28799
30846
26118
24984
32646
32191
29323
27550
29824
28773
31138
31110
31458
31993
28494
29197
27699
29712
32125
29876
27728
27739
28547
27969
29705
29930
29087
28328
31637
29516
27291
30559
33284
26933
28354
26841
31092
31062
33312
29961
30647
28519
27906
31511
30680
29257
29809
31112
28573
28476
30183
30462
30991
31006
31936
29891
30658
29169
29274
29960
29537
27198
27673
31065
27568
30396
29763
27691
29196
28035
30499
30914
33772
32888
28799
25438
30703
28239
29633
29268
28622
28742
30599
30438
31351
28841
29548
26877
31047
29159
31579
29738
28312
28983
32169
29629
32201
28384
29371
27909
28389
27213
29202
29433
31157
28441
32197
28947
26086
32043
26970
29933
31159
28463
31300
30851
30055
28514
31454
31913
30909
31399
31213
30223
29955
29313
32900
31648
27822
29047
28102
29974
27411
27951
31368
30551
31115
29033
29321
29681
30381
31566
30526
30383
30311
30470
32283
31426
28937
28995
29246
32865
28326
32276
32226
31238
29161
29132
29575
29470
29197
28648
31376
29049
30085
30581
26591
29846
31870
30882
29812
28419
28357
27063
29090
30158
29224
30470
28980
28702
28405
29448
30444
32354
31026
30653
29600
28392
29872
30840
27894
28827
30721
30906
31580
26564
28804
32713
27989
32256
27820
29252
31663
30945
28037
28381
28592
29097
29739
31246
29409
27889
29224
28969
32428
29637
33434
29396
30827
30157
30906
28047
27182
31541
31092
28910
26405
29593
29671
30104
27934
32018
28651
32598
28132
28627
29296
32934
30523
30228
31339
30806
28058
27479
28412
28086
29835
29806
31464
29285
29302
27207
29101
27374
30587
30704
30365
29931
29607
27879
29478
29286
30222
28500
29602
31761
29825
29432
30839
28973
30311
28578
29858
30313
30587
31628
29003
28733
28744
32677
29608
32615
32252
28672
30564
28779
30988
31279
29320
31703
30350
29044
28693
29805
26941
31237
29236
28344
31113
28520
29223
28481
27636
30538
30032
31581
29666
28120
31973
26602
30883
31393
30017
31034
29214
30285
30350
30483
30504
30535
26884
28953
31394
31589
31681
30699
28994
29726
29742
31186
30909
29650
27316
27797
32664
29253
30942
29061
29152
30887
32197
31178
28676
29743
30750
31245
32109
30933
30339
29471
30331
29670
29342
29466
25286
30232
31560
29833
29299
31258
31022
30984
30162
27533
30450
31232
30497
32498
28230
28693
29266
31910
29045
25403
28816
32280
27802
27906
29096
26869
32485
26562
31103
30105
30129
31328
30841
29578
30040
32018
33584
23905
28633
30451
28391
29075
27356
31239
31036
31690
30551
29631
29848
30465
30537
29597
30674
29270
30865
27502
30085
30188
29749
29691
32412
29387
27387
30813
31505
31121
27930
29899
28531
28596
30911
29878
26860
27587
30027
31405
28601
29362
30828
30680
32432
27538
30023
29100
30100
29539
29467
31149
29528
31458
31562
30994
30876
28335
29165
28573
28854
29941
30504
27598
28250
31377
29452
31079
29514
30253
31477
29369
29933
28432
28956
31905
27314
32926
27265
28639
29907
31979
29671
29506
30561
30062
28849
30913
30067
28808
26910
32283
28302
27773
27773
28815
31632
30402
32202
27880
28977
31818
30338
29690
30216
32148
30228
26911
30025
31810
26912
30031
30559
29279
29287
30354
31443
30532
29273
30203
28385
30220
30353
30377
31230
29017
29663
30640
26145
31101
29813
31259
27347
29366
28615
30479
30151
27606
31951
25736
27862
27728
31427
30933
29641
28533
29973
25802
31093
27456
28863
30817
27634
28506
29641
29656
30209
26058
29473
30345
27277
35434
30290
30568
29649
30366
31807
29462
31155
31653
31156
30381
30998
33931
30094
33185
27172
28986
30170
31989
28931
28528
29108
30056
30384
30163
30503
28886
31770
30825
31470
26898
29012
30984
31206
27982
28784
28132
26649
29127
31029
31592
30592
30815
28851
27090
29226
30022
27593
29073
27888
30685
28494
31621
27052
31256
32435
30792
29954
30093
28688
30196
30884
31040
25185
27896
30208
28733
31958
29925
28960
30856
31407
27442
29617
29691
27439
28539
27781
31414
30370
27947
27125
30597
28284
30936
27322
26730
30851
27650
29106
28407
28317
30526
29638
30830
31982
30831
33247
28837
30246
30099
29539
28184
31866
30290
30205
31330
29069
28433
31057
30116
31251
28254
32541
31746
27893
32235
31952
29539
31926
27646
32084
28154
29137
26584
31302
29592
28027
30050
29542
31532
30020
30137
30509
28917
30961
29093
30860
27667
31048
29901
31318
31867
28954
28450
28874
29989
31597
28654
30189
29256
30622
28614
30879
28137
33485
32072
29178
32074
32172
29782
30181
29934
30514
31789
28766
29831
28359
32891
32201
28770
28994
30603
28438
31285
28824
28690
30234
32461
29341
28879
29865
30358
31149
30573
30149
31835
29382
31551
28744
30145
27562
30986
31117
29370
31837
30691
34107
32250
32194
31818
29252
29041
31200
30276
28976
27972
29270
30547
30656
29616
29759
31741
30588
31717
29390
29821
31252
31254
27377
28360
28632
29119
31580
28216
28030
30776
29568
30748
29296
29733
28850
30480
27888
32675
29036
31817
30886
26887
29113
33251
26649
30302
27555
30068
32342
30767
30256
31346
30361
30077
29732
30423
31413
31229
29189
28852
29696
27680
30494
30377
31774
30975
28633
29244
27741
29865
29462
31314
27787
28804
30588
31256
29039
29442
32729
30074
29878
28604
30634
30842
29273
30349
31111
30683
29341
29664
27847
28935
29733
29758
29310
30307
28253
33346
28531
29510
29416
28361
29886
29550
28617
32558
31732
30667
29315
29201
29445
30919
30469
28900
29373
28816
30495
25987
27841
28989
27907
31229
30534
29409
30602
28777
33637
30508
29024
28603
28652
29227
29405
28956
32137
30938
29378
29523
27926
30801
32254
29807
30687
32150
29562
28271
30113
32826
28955
32195
28888
27163
32264
30274
30055
28114
32399
30453
30940
29618
30165
30996
31472
28784
31305
30991
30338
27473
32149
30960
31286
32025
29030
30800
31682
30321
30979
31267
25884
25798
26592
29123
32858
28311
31836
29420
28726
31370
29400
29578
30201
29452
31735
29580
30599
31615
30370
32032
28798
30020
28278
29725
29225
28350
29700
32027
31123
29884
31678
29627
29191
30465
30219
30333
32856
30602
29030
30305
32133
28945
28436
30900
30008
27512
28205
29431
32562
31304
30721
28557
29597
31559
32153
29100
32247
28801
29812
32281
29347
30963
30785
26758
26588
29959
30011
31061
31147
29351
28931
30122
30101
29978
29968
31904
30994
27955
30214
29438
30402
29055
31557
26974
30260
31701
29743
29912
29321
31177
28427
32215
29114
30907
30037
27565
29346
30112
30221
28615
31315
28194
30142
29167
28492
31710
30427
31742
30739
30296
31191
29051
30438
29577
29638
32010
29330
30076
31106
30348
31740
31649
28220
30164
33351
30454
28985
30602
29913
30479
31368
29380
30196
30266
29414
29224
27188
29388
29058
30590
30445
30620
31549
29964
29352
29067
26927
29531
30501
30235
26890
28087
29996
32582
30478
29424
31364
32233
31930
27710
26720
30655
29599
31319
31432
30690
28947
30322
31488
26878
30332
27739
32597
30136
31317
29624
32299
28447
28599
29531
30716
30426
30959
27301
28816
30957
30723
30257
30012
30273
27819
30373
29018
32877
29474
29306
30112
30254
32503
31584
29114
31021
28494
28605
31480
30765
29180
28079
29817
29826
28839
27067
28805
30373
26954
28679
32294
31493
31086
33136
30830
31122
28863
29664
28747
28658
27201
29658
30067
29127
29853
28727
31125
29148
29457
30395
30324
29746
28379
30066
31747
29784
27339
27567
30922
32220
30184
27672
26880
30296
29106
28904
32404
30038
31718
27896
29215
30596
28789
27272
27769
28903
31659
30265
30441
30206
30864
28282
28987
29892
29369
29713
26801
28115
29306
28464
27877
30374
31017
32987
27828
28543
31688
30253
31047
31339
31067
30430
30055
30169
30850
27614
32356
29650
28211
31398
28847
29235
30190
29504
30631
30470
30899
31443
26715
32405
30372
30666
30914
29990
32620
30492
29537
31668
30526
29396
31641
29676
27979
29659
31605
27906
29708
26335
29853
29463
26176
28544
32592
29387
31359
33669
28020
30206
30017
27042
32926
26505
30878
27764
30909
29234
31416
30794
28424
28229
28658
32200
30272
29751
32336
29318
27783
30751
31403
31592
30326
29427
30645
30438
28571
29689
30785
28899
31477
30101
30860
29249
31054
32423
26627
32857
30605
28721
29461
26284
29072
26551
30244
27389
28707
30339
29369
30064
31249
31285
29665
30231
26229
30546
33539
31118
28328
32467
30876
27074
30584
27577
27681
25291
31668
26746
31360
30890
29541
27855
29224
31058
27791
31789
29978
31795
30165
30550
30673
32143
30115
32522
30819
30095
30719
29208
32071
30428
27533
32140
28045
29579
32389
29638
32026
26910
28585
26319
30377
32358
30669
29477
30554
27114
30906
29812
28738
29154
31161
30952
30757
30589
30057
30832
30633
30894
27542
30761
31281
28513
29802
29739
28761
30563
29690
30981
31501
27355
28604
27927
31056
30843
28644
29827
29648
30721
25761
28867
29193
30931
25700
27606
32517
30414
29157
29657
30205
28042
30217
29254
28641
27771
29998
31096
27367
29353
32579
30031
31722
28385
30318
28635
27070
29139
30130
31695
28539
28045
33333
33374
29762
28956
31943
29040
31691
26916
33306
29127
33369
29615
28995
29504
29729
31705
28838
27082
29364
31988
30920
31930
29637
27518
32486
28938
30509
31864
30564
28945
33696
28989
31463
29572
30945
25974
28375
27825
31700
29597
32461
29134
33803
28711
28578
31184
30513
31542
28474
30505
31334
27421
28148
31071
30901
27729
28899
29775
31586
28343
29687
28447
30543
26595
29422
29105
30624
28041
31096
31738
29174
29641
28020
32992
29089
27379
29489
29899
30652
31182
30015
31331
30523
28961
28911
30404
30960
30700
29721
30655
30086
31043
28868
28149
29861
27508
30102
28091
29299
31852
30206
29482
29783
30267
30438
30828
29143
30677
29110
30209
29208
31377
31966
31615
31264
28618
29825
31377
31577
29672
28926
32365
29795
28479
27980
31694
30168
31368
30576
30293
27340
31429
25685
30156
27261
33682
30386
30382
30529
29273
29662
31161
26837
29162
32601
31935
28223
29952
29342
30711
31783
27465
30892
30170
28496
30397
31847
32713
30685
29259
30956
28814
30575
31025
28912
31000
30923
30148
28873
30205
30533
28691
31534
30997
27522
30681
29126
26683
30500
30746
31749
29127
29970
26349
31793
28467
29248
28789
29903
29044
28053
29002
29396
32260
29238
30570
28449
28032
28151
28676
31433
28352
30289
29932
28592
31911
29515
30178
30674
28843
28157
27088
32777
26862
30906
26013
29841
29069
30604
27047
32057
31237
30596
30133
30730
30386
30128
30175
25689
28606
30847
29155
32844
32339
28838
28337
32127
30689
28581
26846
30792
29558
30356
32290
29265
30299
31734
27301
29883
29466
28083
32154
31917
29184
27840
32224
29313
32122
28360
30584
30397
29926
33434
32058
29554
31352
31254
31749
30206
29623
27449
32443
29803
31189
28091
31870
27830
27868
30147
31310
27950
29957
30016
27891
29201
30879
30795
28429
25490
29776
29567
29305
30348
27725
28901
30985
29253
30895
30593
29202
29073
29535
30138
30983
29640
29608
29339
31419
32125
30472
32835
31677
31597
27976
29260
28131
31132
28961
29369
28266
27431
32977
31257
29355
29892
30263
31101
29563
29350
31127
29606
31142
28345
29333
30021
33100
31005
27975
28065
30698
31290
29967
29789
31782
29494
29211
31941
33413
27281
31174
28624
30814
30080
29426
30908
29642
31761
29971
27923
26650
31646
31344
29820
26743
28968
31302
28678
28456
29864
30018
30555
29909
29983
31321
28598
29306
28767
29055
29519
28580
26646
29416
29661
30328
28200
31449
30496
30185
29970
29645
29023
30639
28968
27864
32423
30204
29324
33963
29289
30787
30031
30454
27431
30916
30449
28569
30864
29632
30832
33634
27782
30415
32552
29333
28997
30927
29917
32947
28704
28610
29120
28651
28288
30229
30183
27983
30825
32795
28636
32042
29588
30629
30432
30506
31005
28834
29692
30417
30595
29547
29335
29110
28945
27406
29635
29162
29411
26672
27761
28501
27965
28258
30992
32068
31034
31116
32812
31619
29076
30499
29423
26454
29925
28198
29752
27270
29361
27993
33201
32270
31356
29244
28607
28731
33035
29999
27960
30793
31104
29245
29873
29753
30760
29780
29613
29587
28666
29479
33821
27714
32414
28650
32469
29961
31044
28429
30779
27625
30464
27402
32092
31183
31856
27448
27488
30821
28955
28270
30330
28607
29535
28162
31631
27266
31911
30853
31823
33404
30064
29538
28965
27793
28057
28149
30485
29064
28635
27304
30162
30903
31941
32550
28855
30987
30296
28526
28081
29917
32155
31043
30402
29111
32124
29517
29749
29116
29293
31488
31619
29997
29981
29602
29732
30778
29559
31089
28053
31869
28403
34334
28611
29661
31414
28315
28280
30383
28582
28410
26566
29810
28715
27729
27990
30510
31657
28424
28957
31363
29741
27796
28993
30739
30434
31151
27526
30201
29335
28535
31784
29364
30819
28382
32939
28580
30547
30910
32911
31151
32445
30013
31856
30034
30172
31859
28689
30338
28272
30322
32739
30624
29329
30118
29350
27353
29749
30710
28941
31674
27584
31861
28417
31685
30621
30506
29352
28765
30009
31305
32274
30969
27997
31340
32057
29377
28146
32157
30822
31679
26972
28277
31225
31422
27708
31182
28578
29971
28679
32708
30282
30762
29813
30990
28792
28128
29604
30444
29007
30469
29848
31146
27666
30534
29753
28827
29375
28576
32033
29037
33266
29159
31384
30706
30446
31249
30325
27842
26313
27496
30559
29416
27953
32041
26922
30950
31768
29288
28865
29844
26837
34318
29503
31093
26857
27832
29930
28542
30287
32827
30109
29961
28664
29933
27545
30575
29058
32597
27682
31046
27469
30317
30002
30129
28698
24089
29541
31745
30356
31936
31307
29871
29872
28200
30880
26597
29707
27721
29804
26238
30714
28265
30770
29837
31518
29929
30534
30267
29677
28783
28511
30635
29581
28795
32245
30208
29382
25700
28983
32909
31359
28631
29488
30172
31968
30758
29625
29780
31544
28591
29918
30855
30032
30824
31069
26310
28203
25190
28124
26947
31302
30063
30922
32776
28158
30075
30317
32711
30838
31289
29345
29919
30601
30240
28674
32620
28825
31184
27020
28392
29013
27506
29706
28607
28583
32443
28112
28434
31452
30827
27951
32075
30782
29834
28425
30240
31313
29607
28821
28058
33211
26860
28700
28766
31715
26659
24868
30516
29526
31075
29653
27571
28227
29490
28879
29847
31522
31094
29286
26189
30449
30068
32313
30320
29936
29290
29374
32894
27158
32217
29278
31386
30080
32033
29399
27111
30767
30934
34311
30066
32034
32268
30837
28574
31177
28596
27914
28185
32355
31230
28372
31970
29773
28208
29502
29817
29149
30059
29628
29479
28757
31136
31743
31612
29635
30956
31909
31374
28657
25447
29986
29792
29829
30084
30856
30954
29321
24481
30342
29558
29502
28831
29617
30963
27896
28878
29392
31118
29903
30653
29336
28918
27735
28752
31643
29331
29790
28398
30829
29889
29596
31138
30450
30622
29942
31212
30594
30742
29939
31032
27687
32423
32128
31677
31178
31070
32459
31532
30726
30548
28895
30546
27592
31299
32075
31308
31688
27199
32490
29737
28676
30401
30112
28163
30015
29270
29934
31153
27539
31379
31365
32443
30431
30178
29528
29138
29781
32291
30416
31868
31698
31369
31925
30076
29914
32219
29411
26087
28354
31000
26783
27225
30776
30111
29242
28966
30698
31157
29806
32347
30657
30375
34087
25582
30321
30987
28593
32298
30736
28546
29244
29940
28894
30130
29659
28199
30816
28032
31223
28889
28860
27831
31072
28496
30168
31975
32581
27880
30002
29657
31102
30046
30122
29240
29615
29876
28395
32399
30709
30710
31745
33293
30569
31447
29185
28236
28876
29094
30219
28758
28615
29863
30690
31797
29644
29706
29116
27069
29588
30950
25789
29922
28564
29571
30582
26463
31192
29512
29161
27291
29149
29435
30321
25497
29515
30533
28866
32905
30782
32967
30888
28017
32752
29990
31124
30083
29511
26741
28109
29246
32399
28012
32223
28081
30478
27919
26312
29736
29684
29396
27786
28452
30920
28787
27468
30372
31484
32847
29461
28685
28252
31196
32352
31217
30052
28928
30122
29117
29174
28384
29568
28100
32606
29798
28234
28695
30337
27434
27455
32298
27778
30476
31174
28162
29287
28064
28939
28441
30250
29861
29853
29080
31612
31295
29891
30058
30402
29516
28835
30372
33857
27965
28731
31423
30822
33082
30113
29715
30125
26477
30715
31760
31206
29176
28508
29524
28490
28138
30382
28328
31804
28917
30719
29725
30699
32338
29176
29286
31028
29164
31518
32977
32024
28269
30259
28486
30419
30732
30803
27178
31778
28881
30332
27878
31843
28576
28987
28968
30528
28480
28793
30721
29162
27493
27311
31011
29051
27905
31859
30562
30298
30330
30724
30694
30705
31805
28189
30166
29335
30250
27035
28907
31572
31601
29739
29461
27776
30400
29552
30491
29895
28868
33223
31870
28336
29474
30137
30488
29157
27030
29131
29867
29551
29173
28162
30897
30460
30991
30335
27265
29647
30561
30579
30746
29916
29542
32126
29041
30712
29365
29304
32001
29681
29031
31365
30096
26972
28072
29334
30885
31388
32832
31468
32593
30750
30044
30206
27581
29993
29529
31364
28754
31468
28450
29504
28355
33500
30198
31001
31899
29882
28887
31096
29177
27407
28847
29617
31169
28533
29131
28995
29278
30390
29531
26965
27571
31247
29510
30511
32028
30368
27577
28538
32115
28879
32577
28786
32439
29789
30615
28222
28767
27874
31220
31662
33080
30424
30763
29614
29145
30217
30666
28799
30555
28657
28500
27751
32667
29847
29668
29478
29569
29893
32490
28999
29812
30274
28988
30109
31960
32430
29540
29847
29511
31032
30647
30307
30591
30449
32220
29851
32035
26942
30889
28591
32380
31241
30725
30499
28207
29506
32910
30127
28042
29956
30172
29144
32079
27901
32407
32039
30442
30552
29950
31997
29325
29282
30063
30864
29065
30171
28318
30827
31592
29355
30547
31163
29631
29670
30747
30300
30999
29460
31301
29729
30263
29564
28359
33592
30192
26464
26007
29676
28761
31061
31274
28987
31947
31930
30902
32267
30055
28266
30291
30331
29417
28985
30336
32352
30258
28192
30484
28093
29006
28574
29982
31603
31964
31994
29476
28150
30428
28114
30777
29110
31214
29030
27675
26048
29142
28468
30825
32283
30942
26639
28884
32124
30475
30916
29511
29978
29905
29261
30455
30013
31586
31942
28693
29109
27724
29985
29573
31177
30708
30394
30147
28021
29204
31107
32061
30685
33178
28681
26670
28239
31090
32156
29972
31648
31109
30315
30613
31345
29870
29147
27123
28543
28774
29989
31128
31144
30511
31586
30488
30712
30434
32507
29652
33700
27942
32126
27152
32184
30597
32102
29015
28637
30801
27413
29749
29363
31512
28503
32615
27657
27610
31056
29099
30164
31199
32472
29121
27525
30547
28107
30216
30393
30200
30304
29151
31424
33453
28110
27795
28478
27748
31200
29443
28107
30199
29280
30102
32512
29701
32457
28327
31458
32642
29581
30211
29890
29582
28878
28376
33394
33026
27996
31782
31344
32731
28450
31810
29959
29345
32260
33285
30261
31277
28344
31499
29542
30983
28141
29216
30364
29590
28863
27582
31985
32320
29172
25974
32331
32471
28318
28213
33366
32949
32215
31209
30425
32786
28004
27739
28164
29814
32856
31820
31540
30042
29673
31385
28073
27476
30488
30769
31814
29461
31130
28430
28083
29105
32970
28797
31624
27286
28699
28302
31870
28340
27413
29954
28983
31928
30609
30386
33107
24126
29816
28033
31839
29919
30287
30307
29978
29439
31227
31264
31626
32786
30150
31993
31383
28239
30046
29471
28693
29005
30943
32440
30014
28915
28091
29602
28791
32580
29029
30720
29613
27786
28825
32081
30875
26696
31110
28463
30375
30191
32680
29611
30159
30733
31860
32146
30561
29763
30510
30899
27761
28777
29633
34233
30263
29672
30798
29794
27607
31025
32827
31329
31231
31079
29972
30132
31771
29312
29459
33811
33971
31674
26804
29516
29891
30137
30754
28721
28552
29543
29283
31463
31783
32986
26906
31178
30767
29264
30937
29595
28185
28532
33358
32809
32244
28038
31311
31750
25180
26746
29372
29957
28434
30801
29947
30672
30977
31092
31338
32639
29486
31734
28543
28573
31270
29215
29300
30166
30389
30306
29409
30772
30292
30694
31351
30905
31331
29787
31460
27807
28783
30469
29817
32087
28615
28219
29849
28384
29981
29042
27264
30449
30979
29184
31745
28573
31067
28488
28682
30629
28083
31928
28599
29135
27798
28916
30269
32732
30506
31026
30570
26980
30164
31833
29987
30837
28437
30235
29996
29129
31342
26628
30260
32291
28814
28743
28124
28500
26848
28836
30202
28364
31371
32430
28701
29571
29551
28434
31402
28487
28239
31005
31196
31439
29708
31160
29342
27626
33399
32026
30493
28360
29777
28517
28856
31606
30190
31642
30556
30397
31266
27650
32396
29563
30275
27987
30388
28757
29449
29615
29277
30770
28363
30209
30922
30255
28398
32417
29191
29293
30089
31290
30444
29037
29635
30959
29572
30844
29788
29348
29885
29716
30274
30091
31063
28908
30810
29338
29002
28977
28824
29193
31227
29076
29170
32116
30370
28764
31748
27014
32058
29848
30984
29469
32235
28831
31055
30821
29959
29813
29492
27488
32887
28512
30847
30999
29309
33634
31144
31723
29493
28058
30095
31320
28072
31212
30019
28383
30160
30509
31414
30357
28489
27803
31808
29261
29863
33844
26055
27357
30008
29834
33152
30832
26889
32015
31445
33201
26643
28038
32043
30358
32514
28866
31672
29788
31116
31543
27369
30720
32619
27811
32243
27780
31556
31266
28963
28555
31554
30400
29361
28968
28548
30772
28032
32106
30112
29466
30490
29962
30538
28918
29611
32064
30706
31666
31242
29446
29921
30858
30086
26470
30191
28706
31388
32691
28621
30823
30856
29710
26023
28780
32176
30610
28702
28517
30181
27013
29201
27292
27702
30798
28775
29056
29350
30819
27375
30785
32652
28249
30469
27528
26732
29587
26104
28779
29292
29810
29775
27197
31739
27276
32610
30976
29972
29673
26280
29817
27519
30336
31993
29105
32167
29924
29691
30797
28712
30332
27733
28920
30988
29163
32919
27888
30295
30178
31804
27343
26196
30468
31743
29646
28821
30540
32335
30897
29885
30764
28108
31060
30345
28049
30894
28220
29849
29523
28187
28875
30288
30944
29918
28086
30300
28676
30833
28488
28607
26650
28369
26333
32112
27903
30454
31618
28586
27813
31481
30166
30341
28936
26786
30983
31237
30405
28642
32060
30470
28133
30437
29105
31571
30196
29921
26829
31354
30197
28753
31407
29198
31981
28763
27357
29958
29684
32413
30529
28317
30775
30548
28845
30332
29703
29851
27877
30987
32227
30888
29941
30906
31964
28786
29751
32552
28613
29791
31046
32624
28882
26573
32870
29458
27971
30660
32654
29663
27555
30479
29092
29524
31641
26860
29851
31012
31664
28674
29509
29891
31035
29734
28241
28350
29185
28498
29923
29641
29466
32440
32025
30242
26141
29864
28149
29446
29000
26651
31349
27196
27183
30153
29510
29847
27926
29838
30516
31481
30000
31371
28176
29725
29849
29770
32019
30150
29649
31365
30801
31823
29673
27934
29745
29864
32126
30220
28999
30959
29101
30137
31543
30033
27836
30693
27733
30696
30454
28855
31974
29616
29315
28004
29991
32201
31996
29422
32487
31394
27462
29349
30728
29910
30079
28335
30965
30762
30124
29043
30012
30070
30144
28499
31080
