3399674
3489058
3494180
3394208
3342800
3605143
3539721
3605603
3520381
3517575
3510103
3513011
3618322
3426119
3603866
3409749
3579140
3441342
3578035
3584411
3640634
3646175
3403563
3512598
3476244
3444448
3514650
3468868
3535103
3547440
3594492
3475997
3585694
3609939
3436524
3513373
3476390
3627912
3549518
3487161
3495069
3571377
3614205
3567446
3442551
3532371
3567188
3480608
3533769
3444133
3449425
3598550
3599224
3424674
3358631
3431329
3525316
3658318
3494280
3638196
3484349
3535933
3530278
3568042
3485959
3435023
3569062
3564075
3509124
3481672
3596009
3533605
3488110
3373094
3578907
3436947
3511833
3526194
3514508
3545878
3589839
3529987
3527272
3583151
3610998
3491594
3680108
3402960
3499532
3519227
3520250
3453140
3510634
3679517
3351966
3513667
3473284
3493608
3431107
3380000
3534892
3352008
3420883
3517794
3587194
3427473
3427314
3521526
3643380
3541283
3600954
3478889
3541980
3588636
3569423
3480976
3484904
3533533
3551726
3512292
3546577
3593151
3544343
3555067
3583631
3555352
3447055
3620948
3515784
3481550
3583949
3574942
3588710
3524737
3452198
3496233
3630041
3420568
3535374
3570835
3578070
3628268
3577231
3405585
3583198
3615304
3516955
3553069
3569524
3558339
3505511
3479294
3468446
3612644
3502858
3523580
3448395
3538392
3446132
3488991
3542674
3551662
3462890
3540538
3534665
3539226
3616337
3587998
3570156
3521601
3537831
3599207
3583079
3586832
3515534
3443368
3588352
3441720
3580260
3542335
3452426
3531794
3528815
3507390
3494363
3432166
3639390
3490307
3530758
3514447
3485971
3506519
3658079
3511167
3562697
3577519
3554441
3488499
3544646
3531016
3563921
3444871
3634928
3594644
3436242
3591881
3459761
3431484
3559621
3432844
3555758
3416076
3579378
3368350
3484645
3401787
3484208
3466925
3516842
3493747
3474335
3635759
3558099
3640324
3650601
3430032
3535880
3525387
3534086
3511294
3620440
3591862
3498235
3504764
3444609
3397454
3510798
3443233
3484257
3452894
3463957
3561672
3486159
3608009
3519242
3582246
3423345
3477719
3609716
3512726
3495593
3597050
3576905
3546368
3533691
3431106
3563197
3586518
3539256
3499213
3553941
3543585
3436799
3499419
3577894
3422346
3543760
3535781
3576202
3518292
3611822
3450583
3599671
3567144
3381636
3558702
3486589
3553086
3501629
3612231
3409288
3623196
3589064
3486612
3483023
3507635
3404762
3583096
3446899
3455595
3522594
3434693
3594324
3443351
3484131
3505951
3501007
3468107
3520671
3524476
3470979
3419138
3596981
3533045
3515725
3549088
3623933
3467232
3439257
3631363
3590445
3484026
3402221
3481285
3659231
3534428
3576415
3466987
3452498
3550510
3484542
3551348
3479448
3465483
3500670
3604814
3603544
3559686
3510223
3439307
3611947
3567138
3519124
3554257
3540794
3575984
3437553
3539820
3584875
3636635
3555841
3521262
3527414
3475905
3570098
3635668
3698822
3393044
3443153
3553951
3519021
3438892
3516103
3408463
3482930
3557224
3541697
3558705
3553498
3559204
3525496
3581948
3564417
3585709
3594083
3489402
3504598
3525348
3634635
3539491
3611356
3592749
3446115
3499911
3535139
3603714
3432416
3564556
3627813
3382111
3455192
3456016
3508395
3592167
3544918
3467324
3511164
3496539
3668065
3536896
3486337
3481424
3532205
3548450
3549046
3425335
3522211
3562604
3444213
3547051
3520661
3517835
3538601
3544525
3524314
3580635
3637104
3539989
3537051
3452563
3567479
3464847
3448630
3479976
3550812
3417227
3612281
3455847
3467396
3581347
3535386
3460749
3515810
3547860
3517431
3553123
3595941
3655204
3635668
3443400
3534686
3584878
3619712
3442287
3632156
3599546
3467384
3555482
3500611
3488096
3464904
3550364
3509237
3516731
3489570
3429291
3619449
3473122
3626830
3634016
3477963
3502821
3461559
3533039
3526991
3420950
3634809
3496622
3601300
3609101
3568896
3468605
3447829
3539464
3589963
3499182
3649309
3503001
3535794
3451561
3554811
3516030
3528905
3508313
3576275
3599252
3519140
3484211
3553245
3582538
3518537
3549865
3549517
3587163
3552423
3581131
3541498
3579759
3523844
3524920
3650951
3477346
3598834
3472058
3513722
3519457
3509061
3559775
3540608
3605970
3611514
3452411
3502285
3511494
3522284
3504432
3577656
3489664
3604754
3520742
3573590
3584610
3500846
3607640
3473067
3577814
3492734
3495612
3455513
3571424
3641384
3493848
3588181
3479547
3537466
3554040
3635271
3419324
3492538
3494170
3367670
3480003
3575630
3525520
3598145
3514090
3619086
3538287
3549417
3506007
3519510
3561190
3443025
3632983
3417813
3633760
3470069
3517467
3475567
3533217
3561256
3633517
3543781
3507998
3573223
3571448
3408349
3503366
3486460
3593155
3453607
3437645
3420391
3512843
3464301
3620102
3429324
3478249
3486064
3428144
3534639
3445761
3569297
3644460
3527199
3585786
3477323
3473836
3484996
3472886
3533158
3470458
3532651
3575758
3553468
3554998
3651240
3494680
3535176
3379114
3396820
3472664
3567551
3568582
3487235
3515658
3579895
3465163
3517857
3595138
3419908
3457030
3501454
3479555
3524263
3525130
3654754
3501727
3501146
3477109
3511680
3601834
3531613
3493037
3509694
3538181
3447352
3518746
3595843
3625893
3569461
3545918
3437082
3545504
3503217
3470847
3446505
3380388
3528698
3520360
3484143
3509630
3538511
3618323
3575408
3441667
3561922
3530294
3541948
3577793
3542878
3537490
3390385
3572810
3500431
3625732
3433389
3514286
3592373
3478018
3632609
3459205
3610073
3529941
3503333
3641897
3546935
3476080
3521478
3552228
3500846
3581483
3611695
3522312
3405906
3485872
3391420
3554166
3523667
3592855
3606835
3469388
3496366
3447300
3550395
3507315
3547704
3568370
3473790
3541011
3470399
3611353
3483671
3532591
3555272
3414682
3513669
3548794
3427050
3521017
3430152
3603572
3556844
3473559
3544344
3506683
3490369
3418417
3598525
3515331
3505639
3430286
3549837
3386022
3528148
3552080
3496937
3580284
3581005
3414488
3433561
3449631
3577685
3626908
3445669
3518912
3453945
3404019
3587004
3541139
3466741
3565330
3535333
3538016
3415949
3488334
3490879
3581221
3471764
3468814
3518578
3629776
3620433
3551443
3576685
3446442
3422991
3519454
3532974
3627132
3537442
3442032
3614033
3568124
3534501
3457809
3539136
3482873
3417928
3453063
3543301
3505945
3539445
3453779
3443227
3422846
3521974
3544266
3575686
3542518
3531095
3467546
3558183
3509202
3611192
3417693
3471415
3455334
3556396
3503898
3551016
3603855
3438509
3533156
3666778
3389869
3525681
3509027
3622796
3572935
3520464
3588307
3382389
3606415
3493682
3432782
3455640
3502617
3454129
3466058
3465051
3512795
3547978
3428983
3611368
3496237
3564346
3599482
3430336
3541860
3427157
3492433
3491492
3593061
3513362
3580949
3482941
3508314
3429254
3384003
3455273
3468736
3566681
3412786
3575310
3520937
3420348
3520183
3578375
3518458
3544348
3555815
3489716
3633515
3516883
3445999
3573178
3503023
3480789
3499390
3490448
3570657
3453518
3612183
3546464
3540891
3535213
3411426
3596354
3683282
3541262
3508585
3508637
3478949
3659886
3506323
3448771
3677977
3413608
3543416
3549789
3520324
3427673
3609966
3613332
3460458
3538650
3539400
3495193
3491821
3533819
3607778
3585216
3495459
3491602
3485266
3450741
3611718
3431900
3575554
3494720
3466627
3397237
3403829
3560539
3404014
3564236
3517204
3591465
3443416
3495464
3577996
3485070
3584996
3464366
3553775
3581195
3628009
3523063
3550195
3643027
3611897
3496580
3442402
3651601
3630377
3550426
3479979
3565811
3439799
3544469
3523407
3520533
3501895
3469574
3556528
3568333
3463254
3555995
3507209
3595230
3555838
3609391
3619017
3557525
3411000
3476127
3458626
3552423
3508495
3506468
3559653
3549609
3548751
3501730
3522352
3589926
3512942
3423089
3527259
3402743
3487499
3584786
3508262
3348989
3435195
3651619
3521568
3577536
3541606
3509373
3524135
3587551
3531117
3502409
3610423
3451977
3489700
3446758
3557417
3359449
3462112
3468461
3565635
3524001
3416141
3498755
3623889
3535922
3473416
3511947
3589732
3530037
3478311
3457082
3528033
3533167
3615910
3455231
3471594
3502401
3530284
3447037
3534466
3558818
3486621
3430994
3482126
3730918
3532098
3563294
3576675
3570890
3375572
3481373
3551574
3617863
3432236
3608943
3467515
3460906
3593602
3505054
3447922
3618174
3474422
3471022
3559783
3476825
3431690
3552049
3424101
3558771
3507004
3501559
3630919
3515539
3472127
3489106
3535451
3523770
3555448
3599563
3444183
3566132
3596117
3537820
3654482
3461365
3454010
3497765
3458621
3487715
3485056
3450265
3526333
3586368
3613923
3515193
3460795
3478582
3501541
3410414
3528620
3468835
3610616
3413804
3522439
3497733
3614545
3537323
3557691
3621892
3473183
3430187
3489467
3580291
3490091
3601282
3560151
3555574
3419135
3563039
3644955
3483375
3600014
3508961
3624016
3646433
3478726
3480518
3559920
3537145
3544932
3501330
3627100
3590859
3535680
3585427
3539061
3609726
3449870
3551135
3541106
3572668
3502365
3531371
3544801
3520276
3603205
3396159
3546696
3513239
3527398
3503811
3598261
3621844
3479516
3525021
3513019
3574694
3487566
3556916
3525207
3634993
3674539
3571822
3519537
3471511
3590620
3503504
3552592
3536615
3520923
3530124
3548047
3435689
3620861
3531110
3595108
3576974
3403795
3532426
3565176
3487651
3566648
3619710
3491060
3445561
3570539
3584239
3678912
3672189
3452235
3556486
3552830
3454389
3513360
3565997
3534822
3574208
3466453
3529880
3503786
3446274
3547170
3510921
3403632
3534200
3492365
3534859
3448922
3601657
3541975
3625643
3500247
3503055
3520091
3561789
3536236
3564659
3437111
3513244
3519519
3487312
3451333
3600373
3521896
3442591
3538593
3508301
3384952
3478858
3548299
3542621
3521654
3532851
3425881
3473535
3535646
3541806
3492319
3466140
3481519
3522374
3560696
3526227
3590225
3531598
3452858
3450889
3518312
3552765
3476670
3639349
3550901
3560108
3475974
3462064
3585492
3567077
3503387
3473536
3480739
3528305
3428120
3531924
3634756
3719170
3470134
3429040
3619952
3514417
3610061
3542257
3531289
3611358
3514820
3441361
3409589
3596404
3455258
3533030
3482297
3488843
3456805
3579494
3514553
3527036
3601655
3613054
3619479
3542384
3439378
3437557
3676279
3697883
3454937
3521689
3502440
3607853
3439858
3583956
3586667
3518121
3626884
3624244
3552085
3717791
3453496
3509357
3545262
3499009
3529302
3538451
3601021
3440807
3518282
3675708
3473797
3489821
3464865
3537128
3573144
3515815
3532545
3504870
3652176
3453997
3625643
3494088
3562425
3507722
3577736
3570491
3395255
3532000
3545943
3566509
3551313
3606950
3546885
3569084
3578761
3625363
3565614
3578217
3469233
3602115
3498756
3385865
3581489
3580767
3484567
3400991
3477847
3588782
3539402
3549764
3565761
3604798
3522998
3566911
3554382
3484454
3499645
3556471
3640002
3568402
3430252
3582017
3533855
3469457
3544243
3466138
3571507
3513967
3465297
3434771
3515012
3559375
3455859
3408454
3521602
3440326
3487004
3444633
3556581
3482658
3576544
3500444
3491735
3516306
3542229
3518994
3530912
3464863
3596422
3591112
3512579
3572952
3534798
3414427
3526635
3565839
3499355
3530236
3538175
3482118
3504133
3511114
3399895
3526347
3538129
3533575
3656675
3454328
3441840
3473528
3548824
3553245
3613893
3584617
3538446
3445060
3435710
3547974
3558730
3475476
3513153
3521718
3621166
3558009
3460135
3577072
3607372
3554706
3461495
3464519
3562756
3556666
3436293
3461003
3475759
3644230
3517962
3452465
3517870
3583386
3468726
3567009
3541543
3520626
3588196
3597077
3496948
3463992
3455184
3472758
3466060
3439532
3587602
3468141
3589209
3542174
3459849
3458585
3514230
3569772
3477969
3504810
3457752
3554198
3547558
3490833
3633599
3562145
3444576
3476831
3596676
3507400
3497351
3580804
3455655
3490168
3581119
3537541
3631473
3501446
3514090
3416429
3470710
3552403
3420682
3544289
3510781
3508953
3512884
3474663
3606120
3361406
3516290
3563386
3549646
3509820
3529012
3600356
3507725
3412647
3506799
3614790
3568230
3499652
3493877
3515926
3499350
3484119
3497610
3481400
3522800
3623939
3561981
3351308
3498417
3612438
3550930
3559446
3489154
3558266
3497779
3594384
3613988
3600512
3619287
3600078
3545186
3530541
3395119
3503042
3532678
3560843
3441206
3681955
3487619
3617316
3526058
3590090
3490213
3429888
3638835
3450911
3502430
3569940
3575272
3350039
3529672
3467230
3575513
3452277
3480429
3597152
3490343
3578905
3493444
3473143
3528407
3500606
3538936
3623739
3558104
3460454
3490991
3580716
3474057
3372310
3494388
3414474
3457909
3609003
3557771
3675617
3518394
3675482
3630011
3598615
3431270
3440613
3413095
3593671
3438814
3471636
3482399
3483011
3671266
3465980
3474360
3546601
3478054
3474195
3542511
3548313
3524548
3400008
3561244
3555636
3514744
3530489
3615825
3453724
3627305
3509143
3648099
3609930
3492736
3458275
3440104
3453888
3464685
3364586
3471843
3474287
3581678
3620249
3489747
3577189
3511233
3534741
3567080
3563477
3483069
3544693
3528958
3570426
3572562
3519733
3549183
3534724
3488487
3456224
3458120
3446602
3589157
3561249
3594162
3531795
3432536
3521867
3601308
3463226
3484026
3450518
3569194
3546252
3540521
3391867
3458263
3473376
3517487
3536478
3572597
3550400
3466010
3532889
3489210
3521817
3457303
3476117
3515473
3509115
3455348
3421415
3677602
3513147
3468999
3594671
3505161
3568717
3477430
3473624
3495587
3518842
3605128
3567169
3492564
3575673
3629009
3564266
3585930
3552511
3461603
3571202
3523011
3448610
3582544
3489304
3448114
3517768
3581260
3558366
3623874
3469343
3646087
3577033
3526747
3477112
3522796
3527776
3378796
3500275
3525510
3477856
3483337
3456852
3552147
3633172
3622463
3511732
3479149
3666058
3665851
3476750
3584848
3665498
3523692
3642027
3490371
3532201
3372300
3494849
3415142
3573761
3488812
3535065
3490660
3476574
3435782
3452663
3603957
3523435
3638814
3651211
3396872
3539543
3426500
3523557
3484371
3548926
3586886
3463583
3437047
3555682
3439388
3492003
3575186
3553596
3534330
3456220
3611131
3557950
3426731
3505635
3578442
3479817
3513519
3640708
3528663
3552454
3407102
3526701
3471594
3458938
3500480
3643580
3503760
3505492
3442751
3509669
3540288
3435237
3592201
3477964
3474497
3579478
3545379
3611158
3595963
3493800
3402225
3569439
3386673
3559827
3486794
3671813
3442181
3672834
3549821
3556579
3629074
3484571
3600645
3575841
3538031
3507136
3473749
3418871
3565979
3505397
3517468
3633394
3477764
3623115
3610152
3590328
3645934
3448365
3641515
3458054
3539200
3538934
3609625
3535417
3620185
3469390
3453544
3451782
3599230
3455305
3543986
3453263
3439634
3521435
3493519
3635134
3663392
3539000
3491635
3646207
3526716
3522933
3616039
3501811
3480078
3557065
3533764
3432457
3485388
3559669
3452981
3526316
3517436
3476987
3380006
3439306
3429763
3461966
3394169
3528677
3512733
3563460
3511861
3505998
3543561
3572602
3482364
3592477
3562657
3352623
3497860
3545178
3417112
3493837
3474253
3611158
3669239
3493462
3502984
3489069
3525236
3534678
3528588
3431490
3549530
3488057
3547508
3485802
3623811
3371228
3373067
3497754
3465963
3468401
3479031
3558907
3429885
3480084
3517480
3455834
3541390
3541060
3536930
3514716
3541296
3477819
3431195
3489275
3507586
3598819
3615126
3493395
3524964
3321374
3405708
3576272
3468493
3551859
3564442
3586776
3488230
3437215
3598352
3468676
3626491
3566572
3537942
3431762
3482625
3627907
3478187
3424885
3334042
3498081
3486236
3563204
3590124
3398732
3551343
3583630
3587283
3545812
3466678
3424026
3506715
3586689
3564789
3422125
3542920
3574298
3668745
3490464
3408309
3406440
3601922
3508252
3374515
3534389
3596564
3500572
3501199
3599322
3437505
3482466
3478069
3619789
3559216
3544491
3498376
3533417
3630609
3496921
3600099
3475327
3408883
3460300
3574004
3524780
3529530
3594806
3486534
3546194
3485660
3510260
3496006
3583962
3465653
3575069
3554836
3497458
3477123
3488384
3535043
3632064
3461613
3384989
3426083
3448417
3525761
3671185
3463217
3588061
3447886
3426830
3539450
3458377
3577603
3455147
3521775
3534823
3479544
3497946
3421308
3534782
3514372
3451979
3426775
3499743
3485692
3517080
3632543
3563010
3545603
3581769
3481661
3417241
3577841
3436273
3422306
3583344
3523529
3527757
3453569
3551296
3530802
3473574
3642854
3476746
3527707
3507460
3407286
3569391
3516639
3505405
3526822
3512357
3477881
3574708
3554437
3375021
3519888
3624131
3601352
3528274
3469145
3523033
3278176
3623350
3591594
3543123
3584905
3421282
3558912
3639295
3635111
3600460
3527445
3679908
3405251
3596861
3548803
3586811
3402988
3489680
3525723
3510724
3420568
3537410
3500214
3507594
3514586
3607872
3525921
3564361
3642822
3476569
3547712
3474567
3506747
3426087
3429103
3510111
3437697
3414338
3479474
3601398
3569395
3533241
3428337
3519672
3470316
3545506
3459338
3472350
3411307
3458502
3502933
3619547
3525011
3471385
3447419
3499506
3509686
3444904
3579963
3541923
3459620
3492790
3686565
3531648
3471805
3549373
3506831
3585691
3600074
3536618
3550348
3569438
3413714
3564495
3489258
3429754
3604169
3515955
3478962
3588239
3478989
3507131
3634801
3436405
3526245
3592983
3484219
3355007
3509776
3452448
3574911
3459883
3547904
3516344
3521747
3426949
3481070
3449592
3508863
3381893
3532232
3463733
3616157
3535831
3474273
3459829
3620057
3626649
3553368
3617565
3601941
3422009
3426031
3577328
3432080
3425924
3558841
3504383
3509915
3497738
3623238
3522076
3436569
3480928
3463423
3508918
3554038
3577192
3454828
3620782
3670801
3441241
3595017
3487967
3542073
3531640
3650759
3597252
3536182
3542045
3508180
3558624
3526434
3417308
3448202
3521322
3619371
3636338
3404671
3370734
3634324
3446669
3531521
3442556
3526741
3504033
3570054
3568530
3469609
3361091
3571263
3633196
3503799
3550266
3511688
3426099
3479733
3398177
3489163
3519515
3504879
3402163
3419976
3521925
3465725
3546657
3599676
3579057
3631418
3585792
3413973
3583347
3496124
3618218
3558590
3476138
3503590
3421248
3473858
3548368
3570609
3681869
3542303
3456649
3551087
3550693
3582400
3473819
3477424
3470280
3553604
3524609
3381964
3576921
3465099
3384334
3559422
3510470
3446156
3541813
3340294
3556147
3583897
3583835
3550979
3463026
3514646
3612631
3567648
3463921
3504015
3478170
3513179
3423682
3515481
3536246
3661815
3590117
3487267
3575544
3655209
3502224
3512254
3622020
3594753
3454941
3459575
3609317
3525542
3590587
3534428
3531716
3516152
3491777
3599759
3486623
3496649
3473506
3418477
3643866
3423718
3418210
3552805
3461176
3528143
3554305
3544089
3551020
3601258
3469694
3606990
3540717
3512205
3626186
3497460
3553780
3333906
3603768
3552102
3643394
3553122
3548381
3657167
3497787
3500668
3565367
3506355
3490554
3713953
3606746
3562770
3493951
3558086
3624543
3588829
3582798
3665024
3590276
3509908
3631850
3536897
3616730
3428341
3515451
3597316
3476283
3425396
3576083
3540686
3492582
3554026
3603849
3479464
3471525
3585600
3512352
3382976
3616251
3554935
3522921
3495803
3446428
3507731
3503091
3538417
3466110
3540142
3516281
3633491
3509299
3442839
3444067
3511271
3597961
3662604
3479786
3596091
3536123
3577616
3585912
3529597
3567133
3560356
3446435
3576747
3640305
3491859
3456568
3389206
3528266
3544296
3409053
3509655
3527131
3637218
3560946
3538905
3522823
3598826
3518957
3567786
3512262
3454842
3564323
3559987
3502113
3362058
3503158
3335070
3484666
3521897
3585164
3449669
3471950
3474102
3526666
3607094
3606275
3524239
3582617
3549695
3482817
3505360
3556017
3477759
3421204
3544287
3490048
3534489
3529143
3506135
3429929
3569015
3558125
3521977
3584774
3578159
3486992
3384965
3597806
3521063
3385785
3424819
3568587
3668755
3569963
3563681
3496819
3464539
3551928
3554018
3434250
3569803
3561267
3444072
3410826
3438881
3466590
3474837
3574822
3502641
3528611
3532692
3606556
3439424
3638902
3545749
3479429
3524211
3480653
3448926
3474194
3515112
3581300
3566066
3626770
3505858
3490693
3483239
3575997
3468592
3506674
3507717
3451669
3540939
3463166
3486654
3576870
3524440
3581610
3549579
3596658
3643903
3554744
3637385
3610019
3594842
3510277
3556303
3469702
3506115
3647592
3461293
3485074
3513328
3506955
3496579
3575143
3572103
3484939
3519849
3612306
3539554
3536542
3488562
3526934
3580917
3469779
3479623
3513259
3461029
3660260
3458622
3429683
3381254
3487431
3509346
3466399
3611173
3550648
3513545
3531416
3500918
3492674
3428775
3576628
3547165
3512466
3573129
3557409
3557183
3571324
3454813
3467935
3525537
3518650
3654341
3495345
3398145
3450535
3474090
3603894
3534559
3494282
3584011
3564881
3684751
3457141
3535836
3540883
3451123
3586830
3532589
3412997
3614194
3475076
3439139
3575350
3540715
3443232
3488337
3453019
3522628
3489652
3445131
3455840
3611587
3595574
3433783
3578008
3551258
3574168
3639776
3425541
3607012
3471070
3500368
3534592
3502505
3565701
3498347
3537333
3488152
3535585
3546901
3545654
3439048
3521022
3612717
3609032
3500963
3495401
3409107
3540566
3433627
3540613
3545084
3441662
3442092
3443481
3494278
3572694
3427424
3551305
3527725
3546048
3549047
3465207
3544754
3492207
3545149
3542044
3590171
3552437
3702113
3502610
3478463
3473430
3402241
3462224
3492490
3453450
3518529
3554173
3431172
3618389
3484486
3478299
3531630
3451689
3521179
3495961
3672473
3511093
3593240
3479962
3433754
3523969
3495377
3617244
3482832
3465727
3490653
3435330
3519077
3539362
3496761
3452033
3496735
3587036
3455773
3487684
3485394
3450517
3485519
3510293
3601448
3538771
3531738
3675417
3670712
3679867
3539662
3555666
3485677
3456070
3520113
3614453
3531814
3468773
3526506
3537555
3485728
3438603
3569894
3434478
3590788
3560179
3545331
3560540
3478349
3562021
3468554
3528033
3571601
3517680
3449271
3498771
3636638
3368178
3548440
3624692
3610449
3550788
3601980
3615468
3420640
3446366
3613054
3566143
3644728
3509021
3554376
3342592
3582431
3484813
3402541
3564103
3546728
3561363
3512204
3492747
3499638
3449251
3489767
3574434
3508967
3365328
3515071
3534917
3556836
3504164
3522325
3540858
3545565
3391443
3594768
3561678
3559684
3509973
3522991
3511102
3457469
3453172
3450051
3503448
3500609
3480754
3458704
3496266
3627380
3626617
3560294
3478833
3487040
3479268
3514970
3416894
3561528
3491214
3532265
3591710
3436760
3467285
3516494
3598633
3529490
3555710
3414861
3449204
3607164
3413320
3539385
3657376
3552583
3468681
3558981
3455510
3548241
3556097
3420693
3453689
3553645
3374782
3530187
3444299
3514225
3618188
3504565
3571725
3539592
3491502
3656620
3543334
3593335
3477858
3612005
3497860
3558956
3541318
3609947
3610338
3486028
3566220
3520334
3582855
3546901
3558941
3595480
3598105
3500839
3628493
3525098
3582003
3516582
3605776
3555682
3526972
3503746
3532228
3381317
3561060
3549396
3441607
3601479
3567760
3599154
3433453
3504386
3595454
3571827
3489446
3687565
3634107
3554185
3574367
3490588
3562850
3487885
3386685
3446631
3674877
3642283
3482532
3538774
3475651
3498723
3573170
3551776
3519339
3579725
3511810
3519070
3506996
3599213
3479569
3618161
3626804
3523446
3541156
3469619
3463491
3643685
3577624
3533255
3443451
3562616
3498861
3513741
3488280
3458574
3429139
3484297
3527364
3600791
3534994
3565614
3516498
3557113
3581037
3456548
3546759
3479428
3565154
3543284
3532315
3514469
3495967
3550519
3618517
3638766
3542540
3477797
3390352
3476333
3480765
3590936
3491779
3547095
3590748
3615584
3404391
3634354
3547470
3539294
3464264
3596041
3477726
3439710
3385602
3532578
3589463
3528032
3474423
3501436
3538417
3653092
3604180
3668928
3531981
3552392
3546322
3644007
3419868
3560646
3516712
3522325
3515460
3497108
3478460
3442481
3460841
3531168
3424168
3543901
3470328
3507695
3656146
3441826
3476058
3569061
3516052
3499402
3435156
3428245
3476359
3473728
3502894
3520778
3564510
3445249
3543910
3479339
3556643
3456157
3512842
3503478
3615950
3510726
3605515
3467809
3464599
3554086
3466102
3564467
3514933
3519981
3517477
3449462
3630235
3486106
3566593
3600168
3541356
3454707
3570716
3448938
3458756
3445770
3484390
3512109
3474067
3649275
3524697
3550227
3436988
3478968
3532267
3532409
3572959
3356919
3572738
3447970
3551783
3494008
3497211
3572349
3460410
3445858
3517695
3420816
3544523
3483680
3502098
3537563
3555972
3490388
3376599
3556720
3467624
3556438
3454909
3532585
3462444
3478618
3444042
3457835
3437890
3607423
3500173
3547581
3484036
3514905
3491329
3576700
3405545
3476990
3524648
3538908
3413786
3558413
3405481
3449648
3527467
3538916
3543061
3488400
3617276
3542483
3491225
3618526
3485471
3518084
3505186
3561957
3445433
3571038
3542701
3524218
3532803
3637750
3554007
3517584
3569038
3552470
3446646
3551700
3459144
3504526
3490889
3447005
3472262
3604757
3459869
3477634
3564552
3526813
3583427
3659470
3649590
3532640
3518803
3520786
3559167
3550671
3451604
3489662
3507971
3448483
3512023
3535245
3481060
3494698
3489492
3586757
3451749
3527898
3461467
3500277
3571404
3542809
3511531
3457377
3590253
3620835
3534389
3599265
3479600
3490512
3450855
3568432
3515203
3487397
3504092
3457494
3675526
3483133
3574457
3555131
3489845
3501637
3508021
3610368
3536557
3392115
3595210
3569020
3570888
3598519
3509899
3470886
3581253
3653727
3558546
3425257
3588236
3494897
3545642
3540827
3567661
3573395
3635287
3532726
3476173
3555916
3552511
3574667
3589852
3529526
3459731
3536762
3502720
3414426
3455745
3495381
3530754
3469226
3539822
3536218
3459312
3455876
3554729
3514959
3495135
3535081
3510285
3491219
3647480
3565600
3524331
3646943
3536079
3572263
3489938
3549063
3537017
3525019
3385553
3524760
3473024
3549623
3455513
3493606
3523477
3678339
3637257
3552478
3491692
3490920
3504347
3479374
3562349
3636392
3521264
3541968
3572912
3570946
3446129
3518880
3561935
3566255
3529141
3462163
3486419
3476428
3588501
3546879
3380419
3377492
3482575
3431316
3448992
3561669
3468193
3594171
3638449
3591138
3653403
3458224
3576789
3536313
3509611
3420473
3543901
3418785
3647281
3525904
3659727
3501811
3528615
3555061
3480653
3665990
3496777
3598456
3451209
3549036
3469980
3581137
3517306
3523604
3518632
3631910
3480040
3464112
3541997
3541622
3564416
3490950
3554064
3587517
3568181
3543685
3512703
3709767
3521046
3482760
3544329
3474772
3530682
3553445
3441178
3454885
3429600
3429157
3475564
3506935
3475782
3648020
3574753
3599527
3476049
3548937
3587742
3556390
3514491
3619688
3465261
3517144
3539383
3540480
3618301
3597944
3558408
3599429
3520686
3507815
3652629
3563610
3504715
3475009
3432665
3423066
3542728
3533802
3543427
3538012
3475956
3586996
3576379
3537652
3393719
3695441
3524885
3542517
3521822
3595783
3563686
3586629
3635719
3625650
3597609
3427524
3517942
3713597
3513945
3498984
3410883
3526897
3443389
3570549
3440491
3420417
3526690
3515877
3475665
3565699
3490104
3663036
3573947
3449882
3491082
3577293
3558791
3444931
3520576
3531358
3378527
3435469
3544333
3423632
3527729
3560483
3524294
3508511
3469132
3573667
3622919
3654334
3454233
3400396
3540949
3424960
3519785
3420103
3471902
3540037
3516338
3535480
3500082
3452098
3598560
3519817
3516257
3588429
3489982
3457770
3530803
3516345
3549215
3454848
3581406
3615859
3618069
3459326
3639345
3499903
3547994
3608163
3601628
3583228
3545577
3473835
3611307
3552845
3545189
3544029
3484403
3490967
3582508
3584960
3552005
3571416
3440529
3545961
3547362
3571306
3566440
3606096
3556261
3568303
3537435
3518220
3648782
3590601
3504633
3484450
3448828
3593790
3510089
3558701
3534572
3492056
3601327
3530176
3451649
3575332
3428110
3540181
3658593
3492626
3540349
3493530
3502601
3658095
3554961
3575993
3539483
3542596
3450516
3556506
3587604
3449956
3481744
3518327
3464056
3511969
3524097
3498273
3543967
3569566
3539342
3442997
3579049
3638331
3615713
3453356
3516033
3449370
3515947
3601241
3473339
3523316
3502907
3513469
3435086
3631697
3605279
3463148
3545331
3585225
3434621
3614639
3526466
3482725
3433665
3480502
3617834
3473587
3542798
3550215
3556396
3495895
3527238
3636475
3615244
3490562
3544270
3477004
3482196
3622443
3525287
3500867
3410712
3656549
3541177
3489960
3547687
3543988
3640650
3576906
3574546
3459846
3528387
3578544
3476506
3497279
3518797
3396883
3569554
3566714
3536463
3641341
3565744
3459710
3561956
3569233
3520262
3498709
3539827
3644930
3497605
3659828
3468238
3639383
3514525
3561475
3474957
3465919
3426851
3502314
3566014
3548161
3637365
3490536
3496349
3540454
3554018
3629912
3640879
3532666
3520487
3498446
3486782
3605283
3566038
3514055
3499805
3470952
3533254
3558390
3420021
3583201
3548619
3441378
3457090
3568020
3523504
3514581
3548778
3561749
3601908
3573991
3690732
3557511
3658477
3458822
3497593
3570629
3640152
3462691
3491444
3510102
3560096
3422879
3444893
3517546
3493691
3449844
3530718
3494407
3571202
3495922
3535894
3524702
3521061
3520060
3475541
3523812
3423482
3475213
3557761
3583783
3568909
3576701
3384168
3680566
3488985
3646879
3449312
3458636
3603177
3386345
3573689
3561586
3488923
3547034
3507374
3516533
3546750
3506832
3555110
3590194
3554819
3492082
3545046
3698373
3508467
3462997
3489423
3530328
3579944
3489546
3489926
3660135
3410014
3528896
3559062
3504091
3522624
3474421
3628920
3519413
3451086
3609589
3618147
3543971
3506812
3455367
3508332
3561936
3521430
3583623
3461131
3463097
3501715
3522255
3477498
3432094
3533752
3546868
3475302
3507281
3572086
3573554
3683342
3556604
3474668
3486869
3558221
3433006
3522206
3624037
3416566
3455284
3529012
3616752
3494703
3404520
3486842
3566470
3500633
3504525
3492653
3461221
3532108
3511519
3502973
3589593
3583963
3346754
3576826
3605703
3474340
3506464
3450822
3627495
3584453
3629522
3616034
3529553
3426671
3488964
3476161
3479829
3533254
3562692
3704326
3486218
3550928
3450619
3386973
3581178
3471903
3443867
3479105
3652464
3466279
3585952
3579546
3455840
3599396
3557848
3545069
3505551
3531505
3452590
3443870
3509186
3577470
3484632
3656677
3476517
3476152
3509209
3548101
3581613
3449676
3521205
3503338
3472526
3446118
3634589
3484521
3538686
3456207
3489839
3424803
3409065
3544318
3632829
3384854
3579485
3491473
3409693
3375755
3486595
3477351
3496596
3499790
3685891
3535352
3407019
3608697
3621220
3518466
3542745
3513111
3422448
3550233
3592685
3509501
3514307
3491860
3552960
3455512
3428389
3437735
3577417
3422183
3510853
3384275
3485835
3521318
3598480
3478445
3553003
3566346
3598407
3524507
3525055
3584468
3639558
3564386
3518168
3580480
3521409
3508228
3531325
3504721
3379871
3475494
3508764
3515351
3492052
3505612
3626345
3498904
3575217
3557765
3685590
3352907
3480503
3472964
3534438
3419670
3425704
3461490
3499792
3484629
3642041
3513834
3589377
3517280
3421522
3587499
3501842
3587545
3630717
3569664
3520128
3610499
3488542
3530998
3551307
3564363
3559808
3634147
3442174
3522253
3495196
3495534
3446959
3624336
3459657
3467807
3500424
3449098
3422675
3551757
3574942
3586700
3504820
3668476
3643707
3571718
3627320
3410002
3462946
3456599
3557686
3432138
3500021
3503704
3506368
3553614
3483261
3559606
3421370
3528793
3609867
3470566
3555131
3537667
3534907
3536424
3594806
3542144
3637020
3549117
3626028
3515539
3557873
3589233
3504874
3488398
3487873
3542247
3547387
3616859
3456026
3560720
3523147
3429448
3555174
3585931
3652490
3592945
3498517
3417797
3583590
3453397
3494097
3486367
3528342
3669436
3481817
3491499
3454701
3471328
3656541
3531200
3529340
3525281
3581328
3686212
3501831
3534864
3576656
3507700
3558358
3637534
3548389
3601094
3470092
3509937
3572872
3477513
3582635
3562925
3642685
3494715
3472867
3604353
3337002
3541042
3507497
3526306
3446931
3696904
3633686
3571550
3495454
3558089
3523109
3573492
3492576
3622603
3561402
3572383
3522898
3485256
3542034
3517943
3508430
3494801
3550526
3573557
3535088
3442146
3514520
3629455
3589994
3612274
3542593
3515796
3510841
3563421
3619671
3504044
3455950
3515239
3495767
3604872
3491368
3617072
3464964
3473319
3461314
3418619
3583685
3511067
3546099
3561145
3469798
3419500
3382824
3517182
3479416
3555459
3526228
3525813
3566249
3610763
3561441
3501613
3516400
3633577
3465654
3615132
3388168
3574578
3622181
3499177
3515961
3550973
3491424
3529388
3575655
3521254
3530783
3515861
3607262
3471205
3490806
3596388
3480245
3406178
3452674
3421366
3549532
3702114
3535730
3501651
3520489
3617899
3597271
3594824
3480497
3605773
3547216
3575970
3587908
3577823
3448649
3624494
3505180
3447395
3563780
3433317
3610531
3540588
3537152
3501274
3397579
3485800
3449879
3572989
3573293
3590720
3613821
3538634
3589152
3440435
3549429
3479340
3521403
3421229
3568561
3494766
3587253
3485193
3438191
3498748
3429875
3487821
3503783
3425034
3609199
3479246
3501512
3457616
3474720
3459185
3591385
3461040
3554360
3458739
3538432
3556006
3484235
3559021
3530542
3547115
3507141
3534744
3509409
3439446
3490000
3597762
3639508
3561263
3492406
3581927
3511901
3594411
3423477
3311525
3638955
3480263
3655446
3632843
3406604
3524305
3495221
3515968
3596438
3521127
3439939
3609166
3495882
3433843
3480886
3520869
3534615
3590601
3445714
3465246
3591974
3531521
3684832
3508546
3515700
3505554
3470101
3476520
3513135
3519014
3534392
3560939
3526175
3600891
3547677
3600672
3527673
3547736
3572260
3421879
3526313
3596544
3376540
3412778
3560128
3447613
3514097
3612054
3566624
3544551
3597980
3518479
3404465
3442463
3459833
3503055
3589981
3530993
3463167
3570812
3458482
3460223
3521797
3680284
3469905
3508245
3446619
3538170
3545989
3413872
3570667
3448733
3558045
3549219
3455313
3422490
3401609
3455126
3567405
3542152
3489050
3587721
3511227
3432640
3526133
3454859
3489972
3620152
3454433
3537921
3552347
3563512
3594781
3608566
3481283
3538626
3503206
3381327
3504442
3528134
3422919
3430680
3543178
3504064
3523040
3393440
3496412
3611964
3568588
3642093
3468414
3589010
3540390
3421461
3612631
3503839
3535456
3544003
3558954
3607281
3490295
3497907
3592098
3655563
3490152
3666575
3492562
3539506
3503866
3516581
3555009
3601245
3605470
3493175
3433564
3592072
3517215
3540496
3605672
3586364
3393638
3536741
3567757
3449661
3453069
3591261
3624188
3554567
3415596
3516149
3587345
3474056
3551248
3509314
3565719
3519654
3384401
3542994
3451906
3460333
3444535
3475533
3554572
3602744
3487151
3539757
3565561
3549168
3588486
3645221
3508868
3522243
3552299
3417053
3520669
3509916
3466267
3505653
3578771
3532063
3412663
3612247
3521130
3485478
3558083
3440149
3482955
3423298
3602275
3564156
3604535
3542492
3378170
3500687
3572593
3472399
3652860
3592721
3572147
3682909
3422799
3535757
3526036
3554847
3667519
3462712
3428582
3425063
3471722
3529977
3597714
3512859
3459103
3514079
3588074
3416315
3510893
3459933
3476668
3519398
3585488
3534239
3430493
3490631
3469496
3488230
3631570
3608489
3394793
3536824
3603467
3509189
3497600
3556636
3603723
3579375
3583656
3379176
3572132
3545633
3593536
3447089
3499030
3529815
3511705
3487285
3677163
3540539
3587509
3600202
3496013
3466278
3516351
3567622
3576544
3596332
3517826
3572349
3565222
3500335
3589525
3616037
3538289
3468850
3593239
3524694
3618477
3548077
3442676
3535761
3610164
3478695
3409183
3494547
3575287
3483650
3458559
3463817
3544345
3548360
3488789
3600455
3491254
3536292
3498529
3469990
3474232
3546297
3494619
3474764
3487179
3495024
3515170
3520683
3623173
3439457
3491067
3540796
3586117
3529184
3542544
3472918
3540803
3658729
3612343
3637850
3637892
3404817
3447482
3559536
3494731
3369787
3505099
3597663
3504976
3459524
3590084
3527121
3515910
3620241
3467250
3447505
3639058
3533155
3589520
3504639
3580871
3610070
3513955
3515969
3536505
3506011
3469175
3620348
3507171
3567052
3399601
3575307
3488036
3455011
3522341
3539145
3461164
3522130
3529894
3559906
3610752
3482375
3520619
3559173
3515191
3546490
3412246
3573729
3600383
3489649
3459222
3520766
3524701
3492855
3529790
3505704
3554453
3443402
3681805
3452168
3481516
3602802
3604222
3520379
3552137
3373400
3509029
3571690
3521323
3618300
3494048
3515738
3605691
3489278
3600073
3546123
3577355
3520735
3606452
3487226
3475253
3507234
3570064
3526954
3524546
3433314
3552994
3562970
3567351
3358671
3440815
3585574
3584077
3492911
3536171
3405333
3468336
3408173
3605860
3591972
3561785
3610099
3532692
3446071
3516936
3548775
3599132
3434810
3546794
3498084
3575442
3588472
3356108
3436280
3560441
3485784
3438510
3463216
3516441
3456142
3492898
3668120
3481204
3590840
3498188
3480274
3606785
3681917
3563972
3449360
3454105
3583736
3467412
3571174
3621161
3566345
3481441
3456618
3548169
3587364
3555863
3547598
3515730
3550843
3340372
3551057
3470727
3415107
3445544
3459307
3558388
3514247
3455456
3509249
3470937
3480089
3595766
3597928
3418247
3488306
3528559
3602518
3500894
3509739
3570330
3500810
3523509
3610223
3552949
3501513
3602920
3550105
3514864
3483459
3528661
3590970
3654390
3475812
3523611
3520625
3525513
3364579
3452240
3636488
3583400
3489153
3536604
3584217
3518027
3581677
3547962
3528380
3493988
3614123
3527454
3491742
3573989
3540606
3528881
3522529
3437710
3613409
3560279
3488664
3470548
3478337
3589925
3506032
3537740
3465811
3458336
3502134
3487279
3516249
3448461
3488354
3627552
3643624
3464412
3551142
3553601
3618804
3530870
3525443
3492236
3620940
3494367
3498562
3527222
3489513
3529457
3621411
3669104
3540315
3462775
3525223
3631525
3554832
3554069
3478801
3478782
3474880
3465910
3557356
3510775
3462759
3542193
3478215
3560252
3512651
3549989
3437082
3593865
3420787
3554836
3431830
3557262
3523375
3569164
3647278
3553433
3407732
3579108
3560743
3583604
3457434
3602075
3528958
3489737
3559239
3447170
3612280
3498435
3545616
3585625
3511855
3473265
3525601
3480754
3491513
3507993
3506749
3541165
3626459
3545312
3535074
3504481
3541280
3642372
3434291
3465660
3596082
3542542
3492497
3433319
3476145
3520148
3564392
3559869
3610435
3591941
3497274
3605733
3606310
3407879
3526189
3550724
3546257
3597674
3471610
3561701
3508309
3562653
3543912
3527139
3531324
3578913
3559813
3489638
3435058
3580707
3459988
3624741
3501029
3525499
3645983
3629502
3527247
3606980
3655657
3667120
3616605
3522279
3643163
3540340
3520079
3327584
3539388
3479384
3615264
3504153
3533647
3529731
3535837
3621429
3507951
3553598
3455305
3656678
3544542
3478179
3453318
3505901
3601872
3600595
3539340
3553445
3518255
3428232
3505520
3589920
3501912
3481691
3615488
3595713
3520239
3517843
3581487
3563526
3483244
3588194
3476806
3529565
3375595
3514709
3466995
3479338
3553648
3418097
3519531
3626351
3488023
3538357
3532450
3407249
3438920
3478461
3419801
3599414
3497741
3516110
3410444
3530429
3550242
3518004
3464845
3490649
3402214
3414710
3438376
3583717
3471841
3513521
3514478
3506971
3535773
3491083
3414683
3598684
3550366
3626610
3559107
3482816
3506515
3698004
3452890
3570229
3538847
3522910
3589948
3501471
3530586
3362165
3620094
3527242
3494236
3489619
3599897
3661997
3471309
3665846
3539515
3572985
3561795
3456092
3570891
3499945
3493681
3547379
3420069
3466764
3412440
3491036
3486122
3557643
3582172
3531432
3559651
3609074
3459603
3561977
3480951
3504544
3565361
3567324
3528301
3524813
3511869
3652370
3578835
3478493
3669541
3617374
3585592
3472500
3501474
3549375
3621135
3462249
3667593
3347964
3459518
3429768
3509092
3568773
3523259
3511634
3523925
3524913
3631270
3435253
3574135
3630399
3584351
3535615
3480894
3534201
3478601
3525714
3584129
3547199
3581200
3478628
3415852
3549104
3636084
3493149
3550839
3418655
3530588
3639193
3451685
3554381
3545445
3485743
3506000
3575560
3496771
3430890
3531964
3505965
3602989
3346099
3474249
3461730
3516201
3562735
3620232
3618718
3425046
3449642
3417558
3497630
3424821
3545570
3515299
3531918
3524235
3527257
3413350
3550694
3429947
3557850
3623540
3458103
3405873
3675927
3379507
3445304
3629981
3628428
3501265
3475116
3508432
3507795
3526460
3602063
3498246
3439155
3445563
3548378
3462931
3366785
3554266
3508774
3529500
3483461
3460401
3445148
3446132
3434467
3543236
3484426
3558690
3578290
3553279
3605515
3489563
3487839
3584256
3483712
3447954
3499842
3561216
3542248
3548126
3577414
3431104
3561163
3541421
3600368
3555457
3530731
3518370
3587709
3406258
3477449
3557896
3439428
3462667
3572763
3624388
3566512
3570134
3514768
3560953
3532797
3570979
3497067
3587430
3350605
3490790
3587212
3553167
3433373
3501456
3547069
3451281
3430302
3413785
3483783
3515087
3592632
3498655
3541749
3509176
3653967
3621497
3507325
3542274
3549971
3471760
3528904
3424125
3574362
3601682
3464841
3497969
3518080
3550529
3518526
3483481
3462982
3559396
3527688
3551006
3588825
3463442
3550581
3443735
3686570
3552964
3501805
3509958
3495925
3621099
3568117
3435346
3579797
3536323
3568074
3532309
3414642
3531879
3522329
3515777
3482260
3582273
3559903
3649152
3544336
3476176
3636488
3422079
3474429
3548054
3570306
3542716
3524298
3597854
3528942
3541899
3640745
3587962
3560625
3552335
3460746
3502141
3429835
3555276
3524564
3491975
3608268
3414636
3501133
3536173
3576755
3492137
3436159
3551307
3466648
3518903
3559758
3559113
3442866
3438000
3485560
3554666
3454130
3502195
3558799
3604017
3533471
3549805
3472669
3607239
3524352
3615487
3526074
3461550
3487290
3574468
3562114
3542717
3508149
3501762
3568478
3579460
3603839
3551052
3602945
3540845
3499019
3487557
3397350
3557292
3593717
3585000
3653860
3549294
3583234
3574221
3505410
3598383
3600300
3484442
3559354
3584475
3541269
3520927
3538168
3517572
3597915
3475888
3457554
3461084
3615996
3490317
3618702
3516239
3525518
3546899
3524296
3397703
3585698
3419716
3568517
3507170
3619084
3453492
3534237
3355461
3486815
3581870
3597531
3549311
3617907
3452539
3534999
3555001
3399130
3651173
3544284
3580433
3674999
3509626
3612869
3492023
3496321
3536329
3585876
3518206
3587968
3433802
3498193
3525325
3560001
3622781
3466134
3513928
3500293
3518720
3425685
3643475
3579013
3588938
3495768
3441973
3494511
3528749
3531865
3490790
3589238
3564323
3662431
3620984
3473441
3363118
3563310
3523212
3442716
3519217
3549731
3440171
3623873
3464760
3418383
3605686
3471364
3631634
3532892
3506696
3531691
3584716
3484340
3565055
3493438
3480665
3425638
3574797
3635178
3440736
3491039
3596607
3466624
3525108
3486319
3615952
3419009
3432043
3515620
3659304
3470814
3624789
3506540
3561258
3587119
3544296
3466631
3540638
3448584
3595335
3585911
3501128
3515953
3600433
3535106
3560012
3569842
3538771
3452422
3455008
3554245
3553839
3578287
3470018
3493361
3650063
3471807
3541248
3494028
3425210
3557963
3427094
3572849
3624931
3573479
3487477
3434322
3515347
3555056
3507063
3531976
3495053
3596178
3560434
3602183
3561722
3533720
3545711
3528981
3446023
3644246
3643031
3579943
3520970
3545131
3423676
3466262
3418668
3635548
3414915
3397770
3576498
3561580
3489405
3569011
3469381
3539210
3469217
3474520
3542230
3447337
3583467
3453869
3541323
3495960
3487403
3548053
3530329
3543430
3562760
3490462
3447992
3619202
3436452
3509999
3513505
3502321
3522007
3519280
3487029
3573152
3600439
3568850
3602358
3569302
3357104
3486854
3504488
3468878
3604889
3538550
3442931
3512226
3532467
3517751
3550385
3529996
3549650
3573482
3611401
3599009
3558898
3527818
3566333
3419231
3414889
3513815
3581449
3524555
3545007
3554242
3583793
3490064
3653135
3524453
3481940
3577388
3440802
3586106
3513910
3536090
3569849
3532523
3370359
3376924
3463530
3580317
3504650
3607584
3518098
3504879
3564738
3558840
3688019
3584639
3501124
3542282
3574859
3477808
3554727
3616310
3525059
3509703
3492115
3561348
3542934
3580155
3412316
3490116
3490433
3460949
3538210
3543277
3450652
3525351
3403688
3524436
3563344
3492528
3463882
3584611
3459780
3522225
3665191
3553795
3486287
3435752
3536825
3522861
3579952
3473565
3489717
3492443
3589226
3484549
3603538
3554021
3524259
3563835
3412038
3462826
3569993
3443953
3648236
3501873
3574270
3497964
3500740
3578143
3561678
3562663
3707838
3518331
3582178
3517602
3548848
3398684
3634485
3642360
3522942
3492983
3420122
3487640
3468383
3499835
3531312
3431614
3567733
3457220
3572557
3541910
3533128
3573794
3558517
3736675
3454747
3498222
3542878
3531974
3586616
3463126
3289617
3513021
3514330
3530360
3495434
3557704
3511639
3566014
3558153
3532388
3531186
3534966
3612874
3558635
3439190
3443213
3586653
3552257
3572105
3527373
3521954
3539233
3427763
3583506
3456684
3630211
3532753
3492916
3637524
3389350
3494491
3629437
3450542
3603400
3535099
3455852
3562118
3590824
3475055
3452128
3546995
3576494
3428626
3607560
3518393
3559460
3435123
3578733
3387293
3485260
3513091
3460037
3629142
3628960
3619275
3460710
3472855
3494169
3536349
3567339
3532928
3490996
3587598
3593462
3443535
3528465
3520598
3376590
3604978
3517761
3401033
3487382
3534830
3465954
3583683
3540536
3557449
3603741
3541626
3548987
3524777
3449087
3523826
3476821
3535343
3458221
3554682
3592894
3518208
3473739
3525747
3610929
3554999
3574920
3416851
3415171
3526704
3453234
3523078
3476792
3440584
3519597
3554406
3569152
3519104
3574145
3534921
3473350
3636702
3450613
3567737
3546259
3535710
3549774
3436465
3583431
3528158
3509967
3530770
3545251
3422892
3420026
3515597
3529545
3503938
3549282
3590241
3452533
3530616
3513854
3662238
3473447
3627832
3516581
3570778
3635342
3579763
3618276
3506333
3541745
3565561
3564681
3514726
3583527
3307342
3541503
3462451
3612903
3510876
3560098
3511051
3500926
3513650
3531740
3466488
3384063
3620366
3502284
3558844
3520332
3454556
3586051
3461363
3623057
3349677
3431427
3611923
3618182
3586462
3514707
3387755
3561195
3504919
3563431
3394609
3509846
3559101
3621840
3600001
3516226
3594485
3556936
3514371
3398948
3708234
3532336
3549242
3547555
3572260
3367634
3492757
3437776
3537831
3499158
3608133
3464903
3532667
3655576
3601021
3628392
3498866
3549841
3499697
3510305
3373216
3581883
3546520
3540727
3469285
3505184
3547432
3524086
3414487
3521697
3511463
3458384
3436248
3563392
3455016
3476193
3520438
3555880
3503773
3509987
3610040
3534508
3550226
3495768
3517244
3509262
3515409
3551625
3592421
3546743
3494149
3431929
3666341
3553180
3569517
3473761
3563053
3484356
3544901
3610426
3535957
3586927
3572988
3499281
3472185
3543163
3443850
3701382
3467711
3486485
3522705
3536125
3537018
3655020
3500841
3486952
3476326
3591113
3582787
3568518
3549181
3455517
3582376
3541553
3518132
3450075
3494298
3529167
3445896
3506073
3558148
3605194
3399499
3529790
3588506
3671814
3434978
3581002
3509063
3518152
3513289
3448683
3465381
3505447
3428377
3522614
3550505
3446404
3645003
3589852
3494188
3472091
3389781
3465706
3450674
3544766
3549450
3554708
3492262
3515388
3561237
3593555
3482970
3596891
3673475
3458646
3468165
3591643
3629691
3494692
3634267
3582599
3448382
3570039
3560005
3591672
3372003
3609831
3465622
3520702
3467035
3652371
3588054
3631146
3505598
3403850
3451063
3502429
3525585
3573357
3489693
3531453
3495492
3549853
3497665
3533703
3447596
3500888
3501459
3575284
3505280
3474480
3523879
3547553
3584506
3610794
3579798
3581475
3657892
3562042
3660681
3621122
3427483
3522817
3507606
3478185
3622935
3532078
3531890
3464808
3555945
3582190
3493605
3536350
3537471
3593245
3592459
3482661
3437636
3539376
3605412
3603853
3503944
3476238
3398329
3430694
3584433
3422363
3504492
3416350
3665053
3584979
3458026
3579173
3535557
3569682
3476390
3567470
3535839
3531971
3509801
3554836
3418071
3336581
3389021
3558501
3524359
3499328
3439192
3471918
3590330
3495325
3502762
3466559
3576143
3475215
3672696
3544363
3546842
3601561
3503956
3646958
3551652
3479789
3598761
3567576
3487711
3501571
3467411
3475512
3629286
3430528
3544780
3536240
3597021
3545393
3459966
3551238
3580944
3483114
3567895
3588826
3563171
3573315
3562340
3483369
3463891
3451323
3616049
3580309
3485381
3524986
3443473
3465225
3570188
3534459
3512744
3370075
3567913
3542949
3489266
3519857
3426588
3494931
3573810
3489827
3469183
3551076
3449732
3554233
3432415
3586723
3515379
3446508
3353760
3558709
3468893
3558648
3654699
3528579
3498548
3560901
3536408
3445601
3498850
3470450
3605460
3578430
3441248
3600593
3577486
3657018
3532728
3447588
3615409
3637644
3442064
3580582
3469827
3425735
3510852
3471211
3428285
3595651
3663914
3521224
3467590
3524318
3485744
3479169
3553782
3358810
3587701
3446990
3458629
3530882
3635316
3499955
3499742
3523050
3459006
3596252
3483744
3472576
3607498
3539581
3506457
3540853
3568816
3513193
3538687
3536880
3533244
3550433
3592367
3499971
3424045
3495189
3501134
3622094
3498947
3643755
3513934
3436972
3649958
3476484
3506246
3414854
3448959
3442854
3644557
3531066
3547104
3620873
3566834
3503156
3516797
3575081
3517431
3509434
3523770
3542733
3509357
3560177
3572536
3539707
3553387
3522789
3499361
3337670
3558823
3510732
3549805
3535340
3516738
3574807
3516146
3572309
3460664
3496819
3459806
3606371
3537524
3566797
3492219
3493770
3552228
3443416
3616288
3598371
3621352
3621454
3559505
3585388
3582690
3577857
3562552
3453273
3637996
3612385
3547729
3552394
3582382
3521543
3551149
3509216
3624220
3548473
3436035
3535493
3430919
3552888
3565674
3539695
3565404
3570977
3480130
3567590
3560379
3579717
3342936
3511346
3457676
3632656
3536278
3607683
3522587
3539434
3511159
3569802
3511778
3610656
3544338
3562821
3506772
3503752
3536168
3482017
3587620
3436413
3526360
3379410
3493000
3493737
3513250
3459200
3515450
3424203
3471998
3522583
3524327
3544498
3599234
3385105
3650531
3493069
3473404
3524161
3592249
3427310
3537200
3464240
3472532
3510470
3492382
3417203
3546346
3526851
3451949
3513590
3579866
3486545
3460102
3485521
3541320
3579819
3514506
3398436
3479544
3484562
3474247
3519788
3455741
3614696
3629191
3639164
3460387
3549878
3537978
3600122
3474466
3471673
3473896
3547337
3466859
3471261
3578824
3546609
3538051
3451496
3638454
3540429
3413273
3479636
3555754
3456686
3619280
3465944
3538146
3658051
3461917
3565931
3555289
3387933
3436911
3443826
3547862
3511471
3503635
3534185
3583338
3571460
3458615
3409811
3413596
3496902
3529373
3533546
3621094
3581364
3637606
3482759
3566503
3516059
3461297
3491320
3434059
3527706
3675264
3604853
3520915
3514168
3542153
3380604
3560064
3469139
3588972
3600003
3576067
3540331
3486571
3339291
3461658
3612405
3532614
3519390
3495500
3479358
3673448
3476495
3525968
3438721
3545932
3524997
3498925
3577006
3516791
3507647
3534703
3521207
3572875
3538019
3562695
3524236
3540618
3524547
3510301
3584866
3512064
3456772
3476247
3512907
3553252
3590977
3642072
3531785
3535050
3540505
3574559
3471864
3512266
3521236
3560867
3613017
3656636
3478006
3488962
3577147
3493786
3504225
3579970
3549142
3405008
3440207
3578908
3620371
3500997
3606225
3588724
3444184
3555974
3624703
3514692
3491721
3605822
3561558
3548150
3510854
3537579
3457837
3530081
3595448
3476446
3494841
3453642
3551936
3496710
3553792
3660314
3457457
3604935
3628251
3527561
3532902
3590992
3549759
3525527
3477852
3414037
3564377
3592414
3509717
3423545
3502890
3517598
3613525
3676197
3395075
3578118
3512015
3595520
3449442
3609678
3454131
3595273
3490263
3633393
3455542
3555788
3498428
3504747
3521305
3564622
3374646
3523600
3492068
3549591
3517678
3420046
3595332
3452834
3537183
3547533
3523246
3490908
3525531
3715875
3573888
3509991
3509704
3591732
3622298
3454427
3519419
3378358
3569063
3547663
3508620
3407262
3509156
3543648
3650443
3558545
3504081
3496040
3524038
3515082
3506765
3392954
3488176
3537910
3594141
3484974
3476537
3619743
3486168
3435768
3338374
3611240
3578689
3559562
3590833
3564549
3667960
3602932
3501058
3595128
3499308
3475033
3450654
3510161
3454898
3495267
3580956
3504743
3423690
3537812
3603909
3588066
3541249
3595802
3525253
3526069
3525432
3588762
3500760
3530089
3409713
3629082
3509604
3560056
3473318
3480361
3494679
3505210
3486403
3439797
3541964
3543695
3462724
3409930
3543749
3494135
3473900
3493868
3491321
3487537
3355209
3453527
3503353
3601906
3502484
3533585
3417642
3609627
3522554
3578706
3667919
3526879
3429913
3495639
3458610
3571676
3556642
3629144
3514546
3462224
3655166
3486233
3593040
3518933
3469805
3447845
3496766
3644756
3511903
3546005
3490631
3536938
3528503
3595021
3496354
3570006
3564885
3446735
3542950
3524645
3476420
3385870
3521549
3625562
3582039
3628638
3553469
3572712
3488876
3417272
3527673
3608411
3527764
3533958
3455983
3472382
3406871
3478752
3580501
3511702
3467396
3616640
3554624
3504893
3552689
3497413
3616822
3505467
3489864
3522088
3532421
3517401
3522553
3534827
3533292
3534876
3682832
3463849
3635066
3531417
3524091
3604364
3483034
3550832
3631635
3555382
3618626
3353756
3570865
3552380
3495905
3465074
3459724
3484137
3441547
3667852
3559042
3566427
3483522
3523922
3546208
3652958
3568707
3551008
3678384
3639555
3624105
3366220
3486499
3618371
3498747
3463168
3496739
3474554
3474012
3542601
3477993
3661641
3603197
3510383
3481805
3554970
3538120
3487385
3428275
3570898
3433736
3426386
3574026
3561425
3390993
3446756
3485051
3588966
3517312
3511596
3535375
3561690
3626731
3552135
3412523
3460885
3594046
3458747
3461405
3586975
3468598
3472984
3445157
3528192
3411756
3509167
3562259
3439637
3536841
3500566
3612266
3433139
3329140
3528869
3491022
3564664
3511564
3421157
3515873
3579456
3574481
3539949
3527106
3502983
3592128
3509889
3427783
3440146
3612766
3432009
3507364
3530690
3489906
3514333
3455066
3427621
3521901
3550443
3451009
3498640
3434170
3531668
3586936
3551246
3452122
3529742
3616595
3541266
3520938
3606827
3495013
3558579
3581588
3429189
3582843
3508985
3389267
3406158
3531235
3457800
3532885
3524848
3551852
3638440
3524051
3492128
3575420
3622471
3413423
3462583
3523857
3566974
3484535
3463865
3536319
3511532
3606777
3522560
3454160
3450254
3565285
3618175
3467759
3575739
3575761
3402091
3481483
3618808
3567991
3490247
3440533
3615530
3542393
3545829
3460568
3530426
3578161
3584051
3567035
3584391
3598044
3588802
3643679
3445822
3635285
3626342
3450321
3592701
3415348
3523705
3567514
3517331
3469780
3429815
3502561
3658081
3609249
3620337
3541410
3534109
3569221
3523514
3520677
3368043
3578868
3505683
3478620
3657559
3534215
3576726
3467031
3577795
3540727
3517073
3520281
3496568
3546934
3557068
3496212
3524715
3630336
3496133
3417820
3472027
3415906
3429977
3590529
3576200
3515979
3465381
3541133
3553448
3506015
3531370
3493870
3391205
3474460
3496869
3524227
3466339
3507255
3671624
3656696
3475291
3458312
3463057
3435883
3481628
3519146
3538368
3618678
3437082
3508061
3513274
3518724
3585929
3458960
3689115
3440711
3486154
3452219
3549697
3597608
3585808
3479586
3558124
3530743
3603247
3544101
3628888
3421321
3514303
3575930
3650991
3607762
3474824
3640835
3634976
3512979
3551051
3421275
3509472
3576425
3601817
3470692
3439576
3500050
3606726
3468308
3455714
3460119
3473638
3530354
3473078
3484770
3479588
3505062
3603626
3615901
3466964
3559993
3497703
3495693
3596058
3513742
3468398
3422296
3487948
3625099
3552769
3525898
3624535
3581188
3462034
3597453
3638514
3449314
3489421
3471949
3467691
3480956
3585430
3424050
3622174
3462956
3614889
3480708
3492375
3533366
3495844
3555565
3546532
3540681
3565534
3451813
3508657
3537684
3465474
3447794
3438535
3549762
3555539
3524323
3464920
3458227
3546470
3469816
3692076
3490699
3491014
3553763
3576801
3589007
3537199
3675247
3564246
3506832
3680543
3591411
3480957
3527226
3489611
3592116
3444404
3598435
3532385
3508584
3465109
3565199
3424019
3604891
3479429
3492390
3664555
3558924
3437526
3338220
3448303
3498597
3675770
3578988
3549381
3564655
3656273
3546450
3535856
3478977
3555580
3489019
3578542
3550890
3691056
3400868
3488797
3680747
3549294
3448112
3529530
3490904
3515971
3527430
3579295
3573716
3465280
3645272
3540592
3450598
3540218
3555454
3493091
3376627
3459400
3528476
3511653
3551229
3519354
3568268
3501680
3459477
3390163
3520815
3597835
3564965
3570562
3431886
3582989
3513275
3508750
3535320
3539312
3508185
3429339
3429816
3693812
3451530
3517443
3432268
3526449
3596572
3468751
3438354
3473558
3384997
3585751
3582832
3417933
3651238
3532040
3472253
3662437
3460059
3511215
3542165
3428003
3530220
3435470
3554063
3630504
3475160
3550926
3509177
3590170
3507311
3519064
3459563
3595133
3481534
3536531
3480451
3407612
3514029
3531761
3536242
3368882
3409700
3554471
3356837
3475490
3536419
3514820
3511249
3510659
3510979
3486221
3404264
3541159
3594902
3474644
3588181
3498773
3607598
3460848
3590358
3585062
3472146
3475422
3499518
3611826
3471941
3591221
3362100
3556262
3462099
3517337
3490521
3620705
3506544
3596937
3484212
3516185
3541581
3622610
3512879
3579869
3605165
3497966
3504005
3439107
3596942
3488841
3547551
3556980
3426018
3551369
3571865
3492025
3510561
3560605
3510604
3607762
3585767
3544214
3588814
3434037
3470128
3495210
3578044
3426703
3480239
3415431
3492588
3589568
3433372
3624138
3462554
3661678
3569408
3541073
3563994
3448378
3526630
3556628
3396153
3619193
3524375
3590799
3536261
3535770
3562170
3593537
3533017
3547399
3412248
3573034
3630106
3565971
3716447
3589699
3626908
3471732
3542903
3538666
3446702
3541738
3470280
3574399
3443126
3511562
3488368
3450323
3519103
3534816
3458397
3451339
3527537
3489344
3547106
3427723
3464916
3620616
3415842
3453714
3594850
3506514
3438977
3565252
3440113
3484922
3466090
3316779
3536028
3531622
3579825
3438395
3527570
3475956
3555975
3523868
3515797
3508676
3520089
3482511
3432328
3574281
3596889
3533040
3676908
3468396
3585290
3536451
3470907
3588391
3637213
3478628
3537105
3433687
3517127
3484143
3528160
3591877
3540294
3553182
3505268
3394207
3488720
3567703
3452386
3545482
3499985
3432958
3503319
3469759
3487296
3408066
3535109
3531645
3403109
3639542
3490236
3511628
3469052
3393306
3532166
3615218
3523016
3509463
3542359
3520300
3568043
3547858
3434509
3541803
3637720
3472699
3549692
3485706
3602403
3533095
3461545
3593413
3439521
3526551
3300205
3563643
3461815
3397031
3500418
3433942
3461740
3419634
3406796
3532203
3441632
3634037
3384321
3489950
3607234
3537485
3482413
3542198
3587464
3521576
3411880
3649713
3508332
3476903
3573238
3539247
3462253
3618627
3447517
3575665
3582489
3584291
3609568
3504298
3497972
3601651
3575012
3508977
3417471
3493644
3500755
3590447
3507362
3334004
3490306
3538438
3516534
3495140
3600110
3432468
3365823
3553162
3564176
3540295
3557012
3409979
3440364
3527600
3508907
3466131
3479612
3605137
3567384
3475893
3451883
3544184
3595377
3469470
3488753
3592819
3490399
3548634
3430804
3415370
3540971
3534900
3513972
3537695
3511852
3427665
3653666
3483379
3436559
3590442
3564307
3644581
3543546
3655076
3597759
3477143
3501736
3408560
3528162
3559322
3637383
3475148
3529739
3486326
3572969
3500696
3590910
3562235
3571719
3525616
3395808
3503314
3511938
3572519
3539398
3530130
3526267
3560521
3446922
3566972
3541510
3568596
3531193
3479489
3555989
3553164
3543217
3583406
3469526
3484051
3433806
3521485
3507482
3467441
3530929
3473194
3579077
3637131
3556739
3566466
3570762
3519618
3623636
3449347
3510546
3517136
3570964
3502957
3673107
3479374
3557122
3564614
3350357
3560763
3627191
3553447
3514960
3516536
3507930
3556158
3510236
3515752
3568892
3501931
3525163
3378979
3527759
3461597
3570245
3552264
3517385
3603113
3511521
3521395
3617771
3590851
3482278
3369943
3585028
3462750
3471173
3541723
3552838
3600530
3398517
3406445
3381119
3535699
3387143
3409275
3429123
3593102
3510037
3525143
3534682
3352223
3536461
3560802
3600985
3531874
3486962
3559536
3434651
3564433
3511824
3474698
3485898
3484009
3550417
3521544
3472489
3501483
3661577
3531430
3485148
3539547
3437973
3450690
3458018
3536434
3447893
3575914
3482363
3458653
3479912
3477916
3626576
3427324
3426945
3506428
3532587
3457953
3575305
3469906
3523141
3469462
3586201
3489047
3613947
3518756
3358762
3609048
3549869
3544790
3472776
3586357
3512130
3485114
3431301
3536123
3432747
3502249
3576284
3509754
3638018
3481602
3469321
3550387
3463797
3419836
3480200
3553555
3552720
3516397
3638326
3505917
3569049
3603230
3513325
3523849
3537237
3357511
3538021
3583116
3545881
3531631
3526513
3567005
3560626
3372198
3422100
3512395
3535182
3551074
3614092
3502459
3413421
3627149
3487894
3634128
3486795
3564450
3527392
3657009
3530311
3467663
3524014
3547344
3595924
3598034
3614728
3495630
3586136
3620626
3574114
3398657
3464198
3510535
3604234
3440773
3434164
3495689
3533825
3641076
3484394
3608078
3479045
3537195
3586120
3567090
3380427
3542082
3508318
3575283
3539919
3443766
3612361
3537223
3412838
3479171
3611805
3538801
3533322
3521933
3554916
3558897
3592005
3537641
3478512
3533018
3475899
3503647
3687051
3504954
3420053
3477282
3552790
3639331
3578100
3483686
3460748
3564524
3621148
3454954
3599959
3482981
3421649
3544499
3606324
3554869
3559937
3557387
3646416
3524634
3519834
3486282
3499247
3522887
3466338
3567573
3454658
3620150
3476455
3457101
3534896
3536401
3530013
3516156
3460936
3409807
3571984
3580295
3533579
3504914
3469962
3636709
3563450
3530825
3457407
3594998
3574374
3635987
3410690
3370544
3441783
3409781
3513713
3407284
3543496
3608442
3515600
3555323
3502439
3598326
3599625
3533753
3486414
3392759
3513782
3554437
3432982
3512255
3477115
3569472
3523791
3359627
3642382
3568751
3564976
3503600
3509657
3457802
3358857
3539650
3399412
3587347
3590841
3479364
3641299
3479857
3389237
3613916
3554609
3435772
3485218
3619529
3626120
3562861
3504677
3633335
3563402
3437472
3490598
3487802
3507731
3553706
3533549
3591715
3525879
3540775
3466523
3568642
3524397
3518722
3538668
3549513
3513442
3498275
3541788
3568157
3452025
3564691
3457977
3442670
3626227
3634047
3512904
3522276
3507451
3663576
3447408
3531906
3595407
3532185
3463483
3558395
3565780
3527596
3507176
3366314
3529859
3617880
3619510
3510252
3612612
3454119
3441270
3629921
3557340
3573835
3586461
3661317
3580815
3489720
3473740
3570452
3538214
3496725
3484460
3450269
3524894
3471989
3604278
3488166
3537527
3500492
3561552
3468880
3552190
3573976
3553286
3568414
3595953
3493573
3453729
3539401
3530311
3456001
3423890
3395408
3454647
3569051
3477555
3628341
3562803
3541964
3400851
3492801
3558663
3481875
3580254
3458348
3543565
3507946
3483635
3516293
3590165
3571445
3497470
3545253
3483706
3515054
3422157
3436319
3483914
3553547
3520967
3493925
3547711
3532972
3545159
3305696
3489680
3526839
3513044
3543814
3561155
3562467
3619216
3554250
3526243
3535814
3555501
3575118
3505480
3403730
3467899
3488127
3588414
3629306
3565040
3480443
3447727
3502881
3441252
3527748
3616459
3400638
3560779
3495875
3525855
3541397
3451427
3590559
3474922
3576818
3614220
3508505
3553552
3506038
3391079
3504800
3561499
3534598
3450093
3519287
3541941
3525916
3535681
3496205
3508976
3541883
3553257
3463922
3495811
3549747
3532031
3480694
3563634
3605608
3491719
3504623
3617915
3575273
3488641
3587102
3600254
3557447
3562200
3494319
3579598
3618504
3554833
3478689
3503378
3421120
3488902
3508518
3497279
3577523
3496693
3488768
3545998
3622607
3534094
3387845
3563848
3590728
3537530
3575654
3539143
3534193
3409303
3515132
3619722
3497230
3610481
3583583
3537439
3558086
3508258
3578555
3432359
3513843
3536857
3442430
3405811
3573229
3450361
3537807
3553829
3521632
3535697
3454042
3450431
3486229
3464270
3532117
3312535
3526768
3538554
3525162
3498210
3469214
3477983
3352403
3599617
3489762
3353816
3566455
3554608
3493153
3609666
3619916
3536329
3511397
3528388
3564653
3402424
3464633
3586066
3593286
3598901
3596289
3620491
3502215
3454156
3493972
3484483
3551843
3526173
3441253
3497807
3520232
3524332
3585531
3450154
3563065
3497626
3442619
3560761
3635561
3465968
3594783
3641777
3644860
3563764
3553097
3671698
3511813
3596951
3570887
3631950
3524749
3488625
3520690
3502576
3474561
3642439
3535217
3526256
3446889
3579288
3508142
3545779
3439151
3550926
3495104
3557358
3470108
3527373
3517998
3455545
3593616
3567577
3483240
3504822
3474238
3521232
3533346
3554444
3522575
3420659
3549477
3409576
3574044
3446789
3634997
3498120
3463480
3576038
3453285
3531612
3555575
3537731
3554381
3420488
3472479
3464132
3616180
3488058
3483935
3537119
3532683
3449864
3557903
3585286
3557444
3583943
3526856
3414979
3400224
3564316
3612696
3498909
3660789
3500905
3461250
3507623
3564073
3475067
3540066
3547635
3563098
3538360
3528281
3513055
3610729
3513007
3421920
3444418
3633463
3515466
3639773
3611063
3583919
3492439
3575880
3507414
3530405
3550737
3499333
3482111
3603714
3537710
3573574
3460672
3536420
3528961
3465023
3531100
3511296
3557542
3719431
3480877
3446480
3489626
3504207
3646984
3529818
3554358
3430240
3500309
3535363
3556289
3521102
3458009
3632627
3560469
3493487
3634257
3497501
3536320
3523778
3524650
3439699
3558922
3582676
3456541
3392830
3534199
3532540
3500130
3517375
3600350
3552677
3461850
3500711
3430733
3459963
3522749
3466742
3598907
3412485
3391276
3587877
3426680
3522740
3620714
3555633
3497407
3352908
3582963
3499555
3410058
3499173
3522135
3428203
3440280
3440085
3490134
3523494
3422101
3494901
3504576
3506282
3459829
3432641
3578154
3610474
3433649
3580936
3496262
3517099
3463443
3492579
3623628
3546553
3444101
3649715
3599958
3412128
3504932
3533021
3425274
3511936
3353473
3533033
3526256
3546682
3489854
3532760
3527652
3601315
3550350
3534840
3590184
3340485
3590803
3396865
3587476
3447366
3506803
3465144
3466851
3581930
3598429
3490083
3611010
3517615
3607133
3510207
3652097
3475675
3539796
3489426
3461030
3448501
3448051
3494358
3541306
3499864
3462544
3463244
3669512
3611227
3623266
3518697
3458180
3515386
3620566
3479210
3452122
3542878
3615476
3512408
3423422
3566223
3594016
3580475
3444105
3556922
3481081
3552550
3497743
3578366
3499569
3474440
3582830
3583969
3552367
3528564
3586030
3591872
3448340
3515654
3499652
3469555
3499605
3476006
3593561
3609723
3426338
3570500
3661971
3515244
3513822
3622794
3499588
3565514
3602773
3443280
3454559
3467367
3553630
3557675
3658704
3633138
3538917
3613066
3589189
3551129
3462739
3537540
3484424
3600113
3610433
3551474
3501566
3565197
3481539
3511366
3499718
3588269
3636005
3591332
3376788
3321599
3446861
3403066
3522401
3516236
3588384
3404398
3500666
3538962
3634079
3448642
3562305
3572432
3414108
3566989
3533348
3529618
3383138
3467566
3572400
3531773
3604423
3561595
3507957
3518868
3467001
3578086
3523037
3513473
3540999
3525242
3485997
3508041
3507945
3559619
3509139
3477654
3523910
3412922
3628477
3563524
3485952
3587291
3519023
3439605
3428232
3504075
3485050
3575021
3584234
3452157
3544141
3525742
3562767
3415955
3495228
3589269
3589738
3513847
3417907
3488365
3396614
3641348
3517287
3572192
3451654
3554043
3611436
3484484
3476565
3566121
3463739
3508631
3472257
3617854
3531821
3462978
3477600
3552367
3570044
3589212
3556674
3448999
3527507
3595598
3420148
3499679
3548631
3520630
3550621
3486099
3508311
3547860
3569043
3527726
3484893
3471243
3572002
3530698
3524536
3516477
3467513
3425711
3447366
3533265
3501978
3547888
3501009
3504736
3534911
3508570
3503878
3624539
3551903
3521185
3618436
3561215
3502473
3513858
3453207
3547914
3447798
3457533
3433957
3542202
3567119
3486414
3631975
3501057
3422309
3532538
3557609
3431000
3581027
3551673
3416186
3606308
3614608
3488106
3499057
3500219
3549955
3420317
3517483
3476110
3507064
3626690
3597387
3499261
3447573
3396461
3555735
3566445
3530786
3559417
3603216
3510388
3562862
3402887
3608057
3585287
3466552
3695705
3423018
3484191
3424055
3658146
3562810
3472026
3594550
3618908
3494185
3530182
3459930
3497338
3447294
3558798
3539807
3547224
3558267
3610684
3506317
3535892
3536854
3419592
3585332
3708009
3545332
3594902
3638659
3556773
3540680
3664913
3487464
3418195
3538592
3476824
3324021
3559437
3479960
3531385
3591912
3606557
3525901
3485558
3426549
3512848
3577322
3510975
3586110
3513344
3468459
3373463
3533028
3479659
3594594
3595816
3477137
3499642
3412313
3535336
3552384
3548638
3558797
3452312
3539084
3462974
3450687
3531850
3532292
3550427
3518154
3641832
3521228
3493479
3482195
3604575
3449780
3573759
3341472
3500483
3510599
3491215
3489125
3490835
3649142
3522663
3538711
3477715
3437910
3485801
3438459
3492703
3555559
3492029
3685524
3475027
3563357
3579304
3583317
3432045
3560408
3579465
3568132
3465487
3490878
3501797
3487921
3494840
3487849
3446396
3514450
3643343
3583721
3508221
3587858
3541599
3580683
3482184
3561887
3478177
3527234
3454117
3542926
3535237
3486218
3502065
3443242
3607981
3508098
3384632
3481879
3600977
3431966
3539238
3520935
3504111
3569127
3490103
3439510
3477900
3632585
3596048
3576058
3438384
3534044
3554062
3543754
3504315
3485608
3510275
3520947
3474772
3394727
3429016
3573088
3612656
3509023
3453641
3478927
3601114
3539236
3479678
3458844
3576382
3589440
3406721
3583795
3495436
3372787
3547198
3511547
3566578
3543910
3577582
3459847
3509407
3622178
3474878
3608254
3694787
3499337
3605805
3634418
3566339
3510431
3432632
3489265
3588456
3460567
3477638
3486627
3630669
3508698
3634620
3465072
3474046
3551009
3577078
3477216
3574977
3513341
3519731
3563759
3492966
3480957
3492952
3543378
3562622
3509034
3482899
3526703
3590494
3480215
3549213
3562342
3520078
3577350
3639078
3480105
3525768
3572287
3546662
3534682
3545436
3464966
3619114
3508545
3612459
3492971
3387148
3663372
3481915
3484792
3573567
3595423
3464302
3545207
3627634
3434529
3623170
3639121
3425941
3511668
3437761
3449544
3535481
3590944
3656686
3500546
3412043
3441230
3491725
3617160
3469975
3623011
3566634
3564132
3626471
3521613
3507584
3537925
3572473
3548815
3570885
3477462
3611063
3522374
3517899
3574463
3523562
3505666
3624602
3630930
3610837
3505944
3482932
3481658
3602956
3480079
3428150
3670839
3522330
3624395
3526352
3624900
3540369
3415157
3450476
3510099
3439046
3687439
3475966
3496215
3605140
3540487
3668011
3437510
3497182
3544538
3653054
3537777
3597041
3514653
3502453
3446643
3573938
3524309
3462940
3482407
3580969
3545980
3481903
3622829
3530899
3538152
3620820
3555540
3420954
3523968
3505403
3620977
3477633
3561293
3513359
3501615
3529309
3521457
3504999
3571608
3392922
3485128
3483583
3532859
3508809
3565787
3563833
3540571
3477532
3642018
3614292
3577930
3582956
3427949
3527836
3441953
3449722
3512202
3474796
3430334
3484997
3515174
3548218
3631335
3541701
3544391
3585593
3517974
3480600
3501113
3632175
3538209
3590097
3515592
3542407
3532657
3559340
3488179
3392921
3426045
3474338
3447047
3509357
3511033
3419259
3472154
3528167
3608348
3563542
3500050
3567487
3477425
3597505
3483985
3464094
3614047
3552211
3530774
3478025
3485601
3477679
3469666
3475042
3461157
3446216
3548229
3525237
3531278
3620416
3550934
3573773
3539236
3588620
3528999
3570567
3507194
3716580
3485288
3519451
3412108
3526145
3359947
3570945
3591088
3390189
3510856
3496912
3498413
3610635
3575148
3519494
3520322
3469807
3588129
3651927
3408561
3519223
3490504
3668094
3458895
3628580
3755011
3680719
3468460
3538284
3514344
3466455
3484257
3550554
3569098
3568271
3545219
3631214
3526203
3582788
3594594
3346350
3477342
3487433
3443691
3497178
3668321
3598907
3549944
3664939
3494011
3536907
3629576
3515112
3452739
3575868
3476473
3440790
3559236
3411955
3564393
3424610
3524328
3529832
3523972
3552844
3493457
3582498
3529851
3536574
3606905
3489100
3588986
3519448
3570032
3407487
3541289
3380085
3555269
3541473
3443267
3650504
3615072
3507019
3496966
3400626
3469890
3571432
3481065
3609841
3638260
3570380
3588319
3527178
3543243
3449269
3559419
3550540
3507117
3481834
3499769
3533064
3533215
3566692
3464873
3448589
3586443
3458180
3382660
3486475
3511652
3494512
3459850
3530807
3479871
3569528
3517257
3485379
3606190
3569665
3439970
3577554
3531958
3543547
3459206
3503301
3503681
3525539
3670251
3438733
3501864
3624943
3443821
3542043
3469184
3543537
3507452
3632297
3541815
3585989
3384414
3612509
3566208
3623292
3598799
3472150
3543709
3494307
3519061
3559477
3550437
3524024
3616992
3537927
3547882
3535162
3557320
3613937
3363064
3547016
3624043
3591556
3448155
3470017
3573666
3464751
3585766
3575493
3433162
3538056
3591521
3520130
3448158
3482248
3530785
3570809
3468565
3563959
3600145
3465851
3540368
3461079
3365119
3595202
3522935
3593677
3607097
3601536
3452278
3383421
3436995
3584828
3650910
3389773
3488692
3567640
3546190
3496484
3525576
3546299
3576867
3482437
3599493
3420611
3541169
3556533
3494260
3517977
3531022
3540791
3498985
3465101
3508100
3523615
3482819
3465851
3551086
3349201
3484352
3496308
3585923
3483526
3468275
3541429
3489648
3462985
3538403
3478836
3508658
3543424
3439067
3559754
3428177
3500784
3675759
3513027
3506692
3586783
3539164
3677374
3490430
3565743
3399964
3579628
3558484
3564238
3473505
3604485
3561695
3600473
3421416
3535670
3628488
3503983
3459979
3534698
3432169
3564005
3476006
3458683
3572123
3473786
3517012
3495299
3669822
3559036
3470945
3515644
3448691
3549154
3579641
3644027
3470462
3516390
3571819
3592057
3512101
3440284
3561331
3525118
3519095
3596516
3484336
3520436
3579447
3582636
3470361
3591821
3621131
3558074
3481123
3485771
3465339
3482209
3453932
3524774
3389744
3507444
3537067
3650438
3392535
3565445
3493825
3584827
3586062
3598635
3519100
3466258
3550303
3480573
3515707
3546441
3625100
3754659
3578821
3432409
3408496
3528391
3600413
3468322
3601377
3497484
3520397
3549422
3585543
3485636
3519658
3483772
3588408
3454349
3518301
3437284
3572555
3669933
3526073
3447964
3503315
3514172
3559531
3518218
3477190
3554073
3521284
3507999
3497988
3480876
3665752
3613681
3452250
3556197
3559460
3551616
3540072
3632525
3548250
3592643
3426290
3601856
3620749
3548057
3558753
3502124
3423725
3545092
3493758
3560041
3565871
3519278
3485626
3519386
3487031
3522554
3501315
3465372
3489474
3495061
3655788
3551692
3485024
3615762
3649167
3486583
3521265
3540878
3533014
3443689
3393672
3489646
3421438
3494796
3529641
3405560
3666446
3560827
3515993
3527141
3434803
3452887
3529824
3559885
3543303
3444240
3536976
3647711
3522900
3550620
3447257
3558598
3551526
3544412
3638732
3525555
3667783
3562946
3566613
3450666
3399614
3419507
3426490
3497176
3603498
3505908
3543306
3534872
3647761
3429277
3532941
3605784
3480452
3417459
3397687
3499091
3498949
3527446
3593150
3571182
3425519
3362743
3549857
3512328
3581751
3581906
3459597
3582488
3486651
3437092
3558911
3495645
3631842
3445436
3561023
3527900
3643956
3660341
3517479
3479267
3528616
3484101
3534341
3592017
3400830
3475089
3543007
3528707
3490130
3503395
3546104
3498029
3580578
3453538
3595337
3570160
3569205
3584777
3605720
3614537
3538117
3601409
3615748
3487186
3519726
3516789
3522476
3455357
3469320
3549799
3615173
3614098
3379969
3623630
3586353
3453847
3531053
3516352
3504194
3553703
3577936
3498472
3588486
3483533
3552675
3368141
3555599
3410415
3544291
3569509
3589860
3566687
3524748
3538811
3574704
3485439
3383839
3523021
3545226
3332588
3502528
3486589
3624870
3435982
3387847
3565812
3576036
3605883
3538664
3627642
3569529
3522609
3449619
3440096
3507347
3481128
3547780
3625304
3540283
3439552
3536179
3602823
3525899
3496125
3553791
3605986
3468610
3529937
3477020
3607742
3482341
3563902
3518043
3399617
3628937
3570193
3603252
3678098
3611391
3484715
3602259
3539651
3468223
3520574
3540127
3468226
3402446
3510072
3455680
3497295
3547173
3540439
3553480
3730576
3570214
3534213
3505808
3478538
3545870
3540681
3568262
3532145
3645644
3486175
3553095
3393879
3549329
3529334
3542177
3463128
3452441
3602232
3413464
3382051
3621926
3521851
3544730
3579746
3554732
3551439
3479300
3501684
3497651
3490603
3570966
3494813
3485066
3520228
3505517
3571532
3538098
3480529
3388389
3491400
3420285
3413125
3504325
3505456
3469132
3325128
3496060
3400555
3467678
3439496
3428840
3425188
3632054
3578997
3539779
3467860
3538789
3535693
3458319
3533708
3538373
3502962
3471509
3516266
3408396
3697768
3485783
3515118
3499196
3522779
3474598
3539451
3512286
3487415
3504734
3400659
3512069
3468326
3587833
3527921
3506536
3463242
3641993
3537192
3567266
3445919
3510106
3496968
3650026
3523931
3488418
3569322
3577582
3498369
3427805
3512429
3548803
3488297
3505339
3476389
3417546
3672954
3508003
3501906
3555442
3538205
3612063
3531433
3471406
3472050
3611228
3575955
3396336
3540128
3610577
3592228
3485240
3391232
3451399
3490664
3426933
3610504
3526569
3498871
3461881
3556388
3562063
3578730
3660764
3586440
3523377
3464851
3566274
3556484
3425000
3585940
3523626
3571145
3729877
3570136
3571523
3372639
3331488
3648787
3642655
3516125
3492871
3556733
3577907
3596114
3529494
3627285
3633061
3402775
3506899
3485285
3552702
3561607
3614651
3499883
3534933
3501582
3542992
3666226
3442549
3403797
3480795
3536747
3446496
3570261
3480279
3656464
3538479
3480714
3563384
3532447
3432509
3630539
3520218
3494859
3574331
3518031
3526370
3531467
3494412
3490550
3648663
3528909
3574737
3589701
3498100
3577630
3526771
3524394
3721391
3509644
3537829
3610532
3474322
3515026
3535535
3449921
3514840
3408785
3638063
3492020
3553743
3563258
3574734
3509840
3445782
3433336
3504661
3480218
3507838
3443638
3460155
3627649
3561174
3513031
3535992
3483222
3436309
3457615
3530223
3438817
3532871
3557772
3588389
3497000
3550634
3589463
3565178
3582736
3584553
3541259
3497860
3638058
3528951
3464477
3522344
3518331
3589626
3541187
3525517
3520876
3516182
3599732
3550408
3479437
3649005
3498411
3420236
3469559
3570617
3526248
3563566
3515691
3571678
3580603
3482341
3536424
3603879
3416056
3458957
3564577
3661661
3494519
3501992
3468306
3456588
3509333
3571412
3601286
3467092
3431095
3483681
3581291
3521415
3487605
3506401
3517877
3500249
3427601
3456199
3496670
3490252
3642400
3465199
3649782
3458182
3532457
3622326
3503900
3562613
3554073
3496216
3508868
3467899
3530283
3561511
3488171
3396852
3386877
3485015
3579872
3487661
3496023
3478025
3577382
3371261
3444413
3466562
3539569
3550811
3602834
3472166
3543406
3523484
3441143
3486736
3545809
3412948
3541853
3577350
3597856
3551862
3544453
3604210
3441811
3409923
3429375
3600620
3398844
3527146
3553857
3522378
3428510
3583826
3547569
3542096
3382967
3457768
3664757
3617282
3439832
3559844
3470513
3488828
3567710
3674522
3568991
3445581
3496845
3519607
3557127
3615671
3498846
3441210
3518148
3590494
3533319
3453566
3539068
3406818
3583252
3457159
3542040
3496334
3521182
3606261
3532284
3482784
3544079
3488662
3555129
3528365
3423122
3601838
3478435
3505898
3382041
3505429
3466344
3285407
3425776
3502504
3638100
3460774
3554990
3487831
3416520
3513871
3499421
3602594
3499790
3422967
3582508
3500922
3499531
3580458
3565025
3535963
3544677
3497582
3529013
3540818
3517465
3515947
3597664
3484918
3503695
3535910
3476881
3480750
3653711
3564076
3534788
3528374
3574670
3510358
3533196
3554047
3445196
3377439
3507537
3529125
3553668
3484442
3499024
3580081
3558425
3633508
3559280
3432162
3484012
3520119
3495557
3474533
3488004
3530596
3567542
3564720
3344001
3480969
3572230
3496868
3488087
3494269
3637512
3446154
3538013
3570732
3542914
3534032
3592156
3493457
3626233
3596380
3516544
3520845
3520721
3530663
3508605
3581535
3523107
3515652
3496239
3449769
3565543
3577530
3568059
3473155
3422124
3526986
3349871
3506161
3461208
3389153
3403909
3492359
3449414
3441484
3566876
3445541
3482590
3521177
3587082
3534718
3628663
3556721
3541207
3532954
3530405
3423461
3552180
3470960
3488767
3616696
3546358
3459910
3595895
3508251
3436760
3500651
3586158
3574114
3628138
3424259
3541497
3519634
3566933
3467563
3575390
3556894
3572823
3566193
3551512
3437990
3425498
3433170
3560276
3609746
3508511
3667198
3490494
3578240
3680791
3622776
3521171
3474614
3468859
3500964
3618737
3532047
3514152
3519607
3445500
3496695
3527150
3413353
3560030
3495423
3530254
3541953
3506063
3393067
3549293
3508881
3478723
3516170
3444806
3516654
3570176
3494573
3465558
3604203
3553590
3519264
3459725
3545101
3553786
3543328
3557034
3579566
3622991
3434233
3572483
3386667
3412994
3596203
3362059
3563490
3589642
3416438
3434184
3414513
3492076
3522031
3538167
3624564
3475307
3534152
3490876
3437137
3460322
3509093
3501482
3595167
3390310
3599385
3549353
3542452
3594737
3618780
3523336
3587494
3435918
3564779
3533741
3555938
3478979
3528285
3499202
3567450
3578161
3583232
3454188
3445578
3424495
3413518
3552386
3561702
3590579
3488851
3525572
3435249
3489298
3484960
3566604
3554016
3468549
3508979
3507511
3402430
3521392
3536219
3307090
3510817
3508635
3467529
3469277
3555070
3433075
3511221
3581250
3395614
3605720
3608061
3436506
3564641
3569521
3383113
3494032
3471156
3447868
3556802
3509509
3566240
3482806
3521437
3615179
3500228
3590686
3550141
3483268
3578466
3496411
3513828
3577226
3463562
3735737
3530433
3445346
3508003
3407788
3556628
3380507
3473372
3527583
3506896
3380872
3462740
3391742
3522327
3549663
3524225
3574017
3521856
3542575
3424784
3429431
3517517
3527613
3529576
3424546
3416660
3511589
3431172
3585002
3580273
3442532
3473150
3653193
3485988
3499002
3489893
3570136
3574980
3522142
3529824
3535104
3542226
3415161
3615916
3554075
3547092
3499774
3527011
3503892
3403369
3652374
3537844
3563995
3474886
3517078
3502597
3573997
3495103
3396778
3560219
3529812
3401580
3572207
3641186
3559410
3436903
3496434
3461768
3572159
3432527
3626818
3360436
3544494
3493842
3470359
3587561
3508336
3590043
3535828
3530863
3444912
3512365
3525726
3540794
3476103
3486998
3463925
3551943
3504203
3564964
3397425
3554872
3537539
3469057
3477141
3429155
3467648
3513348
3521518
3598437
3551374
3540985
3528651
3550385
3500613
3538226
3487175
3500880
3497391
3473823
3504867
3489670
3598314
3548012
3452263
3570334
3430853
3453084
3548094
3617250
3496699
3485590
3585204
3605310
