130
199
140
359
199
215
317
157
247
235
344
243
270
215
193
181
249
184
153
291
282
167
188
210
192
161
149
275
218
280
299
156
126
274
193
205
310
332
236
194
226
197
266
223
311
183
385
217
265
299
284
217
260
213
395
340
284
200
333
297
255
278
280
293
324
234
180
245
217
212
302
266
267
251
225
186
249
210
257
199
263
175
192
224
324
263
283
197
212
195
291
282
259
261
340
203
365
351
316
351
280
205
359
174
213
298
244
232
299
261
279
173
162
232
137
174
214
251
327
319
249
214
240
300
209
120
268
186
156
147
261
140
218
282
214
301
308
226
125
342
168
294
258
323
194
215
285
193
230
225
153
307
329
203
264
298
340
320
244
276
209
243
212
106
311
270
177
223
224
248
218
272
218
238
307
253
293
237
208
165
160
217
269
222
198
290
306
165
232
300
252
177
255
307
189
263
231
149
290
128
228
220
220
404
262
285
290
125
230
282
223
208
333
134
192
235
250
301
295
240
294
104
292
218
345
244
328
271
270
253
195
161
308
163
285
274
289
312
180
283
312
348
205
165
193
211
209
314
231
205
288
200
327
238
271
227
248
300
215
292
258
247
313
105
293
222
219
269
291
215
222
274
351
286
335
270
325
203
271
273
242
315
281
276
290
168
220
303
285
287
227
309
316
336
255
193
254
162
319
293
322
353
288
295
183
366
328
288
190
279
302
279
254
278
196
147
223
213
195
213
258
219
212
337
222
252
261
308
199
206
269
119
198
246
210
173
219
325
111
244
237
254
372
233
143
287
297
204
270
296
290
197
236
340
211
156
203
181
208
140
375
285
227
244
248
213
187
213
237
277
280
337
211
282
192
246
298
208
301
164
269
195
347
268
194
154
308
273
218
230
154
315
233
267
286
139
322
322
338
238
308
170
369
270
266
292
234
152
226
176
318
202
218
152
273
221
276
235
269
198
261
377
290
252
236
230
290
255
172
289
285
282
141
289
314
331
342
157
209
324
330
314
262
287
281
290
326
411
223
222
255
340
242
138
295
140
182
82
182
368
221
270
306
222
195
370
215
251
235
183
260
268
319
255
299
225
240
248
230
306
182
206
313
253
225
166
263
279
146
285
327
248
278
329
318
272
173
266
234
247
326
244
214
201
139
268
277
163
323
231
197
229
180
228
261
134
283
168
173
153
180
266
200
283
185
322
265
195
224
148
220
208
209
252
201
198
157
228
178
209
259
253
325
273
293
201
285
288
230
227
276
210
287
191
228
262
192
156
202
174
180
225
274
232
283
368
358
199
288
181
216
197
156
238
262
278
339
219
271
321
288
279
252
283
226
260
218
259
314
223
227
336
329
307
194
335
278
292
265
250
258
165
228
193
148
154
135
299
304
262
320
287
335
293
369
299
355
280
234
259
116
308
237
276
266
282
174
231
226
194
129
233
288
219
125
214
253
178
259
319
214
223
311
301
197
144
306
231
246
245
324
280
228
246
323
245
290
143
272
116
266
262
185
294
247
273
198
197
279
194
211
197
266
221
319
315
208
262
192
316
302
247
262
294
234
289
217
250
244
252
369
185
205
280
379
342
187
312
311
254
244
246
281
246
226
229
180
238
222
206
131
105
188
201
259
329
253
263
246
245
224
194
285
218
213
198
269
228
362
250
298
325
189
287
297
323
187
202
218
336
223
261
265
250
214
414
270
260
307
270
244
302
252
343
169
248
239
209
200
205
361
187
166
294
409
246
314
357
222
265
319
307
218
258
351
274
198
225
248
351
190
182
310
226
204
211
172
127
156
307
142
195
272
217
213
178
261
123
144
262
254
291
214
330
241
316
271
271
298
179
243
212
292
274
304
212
165
212
333
231
251
227
273
189
350
225
168
246
176
299
261
186
312
269
223
369
158
166
265
268
315
208
278
201
257
296
162
262
214
331
266
173
233
237
161
315
277
303
311
196
282
307
270
257
214
222
273
169
261
295
200
338
266
179
278
283
322
211
259
188
267
265
239
212
178
287
233
345
297
290
252
341
184
305
312
244
280
332
353
248
260
212
308
202
248
222
327
97
136
272
273
259
265
316
275
304
294
354
222
231
233
209
260
218
244
209
246
265
266
153
266
111
240
230
351
253
244
221
267
187
194
231
169
344
289
232
307
401
233
191
226
294
273
274
187
176
311
358
199
230
270
261
277
220
221
178
137
196
190
306
290
217
132
186
303
305
242
280
257
321
145
205
241
221
306
222
354
254
257
232
206
186
248
281
204
168
243
206
346
252
224
279
300
220
259
195
333
228
236
258
321
241
330
251
173
160
263
381
319
208
298
196
167
305
318
272
332
248
317
359
373
288
207
280
242
171
356
198
130
197
246
330
299
322
284
282
158
123
284
206
193
173
225
401
282
271
260
209
207
229
256
287
280
287
168
103
277
249
255
294
264
203
226
295
191
199
269
185
191
198
298
242
249
251
295
357
297
264
302
146
306
219
189
318
164
270
174
239
231
256
175
196
248
222
283
232
324
210
278
204
269
237
315
218
322
273
264
314
265
324
112
290
247
168
232
126
220
244
349
161
274
201
226
302
306
280
222
288
272
307
165
309
131
264
269
275
330
301
201
354
151
234
278
332
197
272
274
277
291
324
243
276
206
210
294
311
224
295
266
197
209
260
195
90
274
299
310
200
273
159
288
296
217
235
229
282
188
294
224
223
314
246
272
276
255
179
343
213
291
264
348
202
246
301
241
173
188
249
258
217
172
276
205
281
273
296
268
295
321
182
193
300
189
131
193
305
282
207
238
255
298
253
369
335
340
342
296
240
139
232
250
205
156
207
219
217
254
315
139
225
246
270
204
244
212
215
174
231
210
201
310
176
163
244
266
350
383
268
176
235
205
294
272
102
251
248
254
255
296
266
279
224
211
247
240
212
267
233
271
333
327
213
292
262
304
189
273
193
231
257
169
240
191
234
307
244
319
239
319
262
273
214
254
322
194
215
336
319
213
260
157
348
184
258
130
124
208
225
213
226
327
210
255
212
220
290
185
203
236
200
171
272
212
327
315
151
185
219
178
336
79
289
158
184
333
259
364
295
200
182
141
268
205
228
308
223
92
156
233
198
258
299
237
235
367
256
260
213
193
222
161
305
180
323
330
264
212
187
191
293
235
109
213
283
298
166
150
283
234
172
188
198
231
196
292
257
241
201
213
228
244
201
217
334
292
325
237
165
225
286
234
232
129
242
177
278
322
323
284
141
322
260
263
303
209
246
231
319
207
367
244
183
266
225
250
176
138
367
253
224
313
269
276
314
292
297
302
257
290
206
318
279
240
237
310
170
125
327
348
261
295
159
195
281
159
272
154
195
256
176
234
252
234
118
280
278
244
263
265
301
264
374
248
256
280
227
343
141
259
145
103
345
243
249
259
328
209
212
304
263
232
301
315
161
340
306
282
221
298
335
93
209
156
242
273
113
277
228
235
262
229
318
310
209
217
297
269
297
316
287
209
220
234
312
242
353
237
289
263
110
235
220
231
161
249
245
257
279
159
241
207
185
213
241
293
271
244
294
150
231
342
351
229
212
272
146
307
346
188
285
229
181
253
259
246
267
293
231
232
192
227
270
296
252
259
299
294
222
292
333
239
203
228
270
257
357
343
360
246
282
352
203
302
212
215
289
175
321
233
186
326
195
264
319
276
225
309
189
331
279
303
263
219
231
151
249
223
313
145
223
123
299
210
193
252
171
282
237
225
217
345
317
210
375
133
224
197
184
163
183
318
226
202
239
172
262
213
208
340
345
293
291
117
302
213
262
265
211
306
192
145
209
156
324
203
310
333
245
237
243
256
318
192
283
273
278
251
356
156
220
158
305
233
275
182
270
265
218
228
303
195
90
292
216
147
258
278
329
138
223
234
304
185
293
245
150
267
239
224
164
309
243
288
154
258
165
297
315
210
322
220
280
280
230
239
186
280
236
322
171
233
159
301
259
270
181
174
338
359
251
275
244
207
262
170
252
230
201
338
311
211
335
251
215
158
317
282
330
283
216
308
317
188
311
293
261
242
195
316
293
221
233
287
267
198
336
161
208
259
316
138
286
219
94
178
266
392
215
241
225
262
257
319
260
319
254
306
227
127
292
258
303
215
270
275
239
236
286
346
233
353
262
280
164
277
197
257
314
359
298
219
214
352
186
223
283
218
241
192
193
188
241
194
183
228
221
315
129
171
251
190
246
278
188
212
170
278
174
161
247
279
186
136
250
274
213
184
196
328
183
317
277
239
249
111
246
264
254
321
253
225
276
295
226
232
227
288
200
219
261
231
230
173
228
322
185
328
123
177
236
289
253
280
281
228
293
338
213
203
178
328
191
218
271
216
340
242
167
185
196
278
209
243
219
171
299
303
204
281
138
273
270
220
189
213
227
276
266
283
117
361
213
225
341
212
274
317
307
349
238
343
283
162
210
229
142
293
216
190
239
218
295
140
208
342
299
135
278
173
167
235
281
261
246
271
320
226
227
185
321
232
158
273
228
194
98
273
220
204
361
146
241
163
312
168
245
285
207
241
208
297
129
243
200
164
287
259
320
148
222
168
243
224
148
318
248
279
220
260
295
297
196
258
265
267
218
197
241
194
269
243
229
207
128
219
247
197
170
313
134
285
256
259
309
242
284
364
247
211
223
276
218
231
241
192
236
241
288
251
248
216
190
165
250
186
209
280
223
312
186
300
220
263
297
221
213
260
237
230
266
238
331
259
335
332
316
327
252
240
272
186
312
212
307
282
270
221
229
130
239
206
223
275
338
257
200
307
347
301
299
196
336
307
142
282
180
256
272
301
225
331
317
294
178
296
210
259
314
272
268
285
202
236
251
324
248
289
240
162
212
196
267
359
282
280
258
316
213
256
191
278
334
188
171
258
205
266
310
291
219
237
293
299
132
210
229
262
288
323
179
285
267
228
332
171
337
229
266
258
184
253
209
352
254
291
235
259
206
255
342
276
136
172
181
213
284
282
84
168
213
342
209
235
269
210
211
257
198
262
266
188
253
186
180
233
291
332
201
293
363
165
223
201
235
309
312
284
221
269
273
210
275
243
172
294
251
317
257
115
302
147
167
251
289
228
256
244
316
265
265
320
286
178
232
267
316
253
262
271
241
191
314
165
209
220
297
302
246
293
254
343
324
186
219
251
330
219
334
233
270
264
238
301
318
231
184
181
348
202
346
204
181
272
157
193
255
224
289
358
310
176
306
335
266
252
237
214
286
262
246
343
180
222
252
265
219
184
238
202
296
190
263
317
238
248
229
324
281
241
370
226
143
137
192
282
303
283
228
215
266
279
319
296
272
241
194
196
214
291
349
255
276
186
279
169
250
306
314
230
296
222
265
297
236
209
276
356
149
293
178
302
232
170
305
329
234
257
277
167
108
112
211
229
179
273
296
255
241
231
223
266
328
293
262
250
176
303
382
257
273
277
163
225
184
266
213
193
167
293
257
304
222
297
171
270
170
274
213
263
182
309
229
170
327
178
288
322
286
316
282
280
122
228
403
313
240
201
288
262
223
354
257
310
209
217
189
232
273
219
259
252
221
275
255
307
265
233
255
244
208
212
224
296
187
205
131
123
345
364
311
276
287
220
233
284
310
179
246
187
194
322
273
216
257
121
271
260
329
256
326
252
287
134
229
181
175
217
194
203
223
247
296
348
289
287
279
229
216
287
294
234
351
289
267
123
249
204
201
244
232
295
167
359
184
278
267
299
133
265
308
168
144
316
288
141
272
127
260
255
246
296
248
278
270
344
351
191
380
315
277
241
264
346
271
228
261
177
222
230
253
300
159
257
200
300
272
180
214
239
222
313
156
242
205
284
346
161
286
292
218
331
252
217
241
262
206
243
300
246
300
248
278
243
215
278
272
265
311
223
188
242
262
225
315
279
154
250
206
207
291
275
209
84
204
267
191
215
175
312
309
226
309
214
243
258
280
177
142
267
303
240
239
186
231
347
295
303
372
250
216
184
202
182
319
276
253
222
255
245
246
236
317
216
272
268
118
249
278
236
329
214
172
346
275
150
221
198
284
273
136
302
299
190
204
333
159
231
295
217
243
145
170
316
220
282
303
291
233
253
204
246
322
209
282
326
171
314
163
313
192
256
283
236
163
285
189
329
267
221
138
344
199
324
178
310
243
256
207
267
346
276
220
283
295
288
290
274
236
234
152
249
193
282
233
214
212
254
230
288
322
259
178
268
155
246
299
168
260
331
224
145
290
219
319
195
282
245
361
274
196
289
234
330
211
189
291
273
304
234
147
168
207
213
337
274
376
346
165
223
264
125
270
337
274
246
234
209
183
246
251
378
315
305
227
280
286
189
186
255
203
351
172
193
197
220
184
228
336
209
401
308
324
195
124
194
213
153
274
232
221
176
211
251
217
269
265
309
334
228
223
331
334
217
187
299
301
151
187
398
199
134
179
202
238
218
207
313
113
160
327
237
182
263
183
197
236
263
255
282
225
325
165
148
218
151
169
292
347
317
288
240
215
128
153
203
200
254
131
289
387
275
311
194
343
162
172
321
197
242
229
192
306
128
203
302
178
184
178
199
246
313
210
286
181
197
290
356
310
235
195
231
290
333
258
257
211
219
169
281
249
331
313
186
288
245
327
106
299
227
192
206
303
191
229
218
315
209
223
256
388
301
202
273
209
230
267
279
262
259
258
152
211
177
272
207
209
364
290
216
197
175
163
322
204
193
230
282
156
270
238
218
169
250
277
140
330
271
316
314
199
182
233
255
209
248
328
182
192
195
234
251
249
304
312
341
239
200
258
130
271
326
182
163
282
221
208
408
271
314
308
373
243
242
289
284
286
226
234
289
248
101
362
291
250
229
168
215
241
213
200
322
312
273
262
335
306
188
274
189
196
250
294
155
239
301
359
292
216
174
281
283
207
234
269
257
235
334
221
262
322
266
271
236
84
231
259
246
346
242
244
187
92
259
176
327
238
318
271
320
302
210
237
164
199
307
357
338
251
385
215
264
327
229
295
257
238
221
273
193
250
244
200
337
184
196
162
211
210
213
270
188
355
226
195
236
308
306
99
248
221
258
168
299
189
233
291
216
229
250
286
277
199
230
235
328
287
178
202
190
211
255
332
191
321
215
235
290
240
310
285
313
298
243
271
183
279
241
247
237
273
205
348
278
214
217
154
358
199
317
209
263
165
304
301
309
194
257
240
225
281
254
308
148
205
232
271
259
141
303
316
324
291
233
276
331
209
270
230
209
266
260
250
252
256
339
247
287
240
330
274
266
283
257
330
292
312
282
266
284
273
232
275
181
203
301
291
323
324
208
324
204
264
286
312
289
307
260
313
344
295
342
236
281
246
212
203
262
170
302
356
184
287
331
285
152
204
372
185
260
290
324
242
289
215
311
239
332
185
308
280
237
199
295
359
297
231
203
219
172
248
196
248
190
148
313
254
331
248
315
287
302
237
272
341
278
218
262
239
303
225
210
188
292
382
406
224
119
241
294
110
302
333
275
180
228
264
301
229
275
165
376
230
290
329
293
257
176
219
389
253
261
244
167
174
272
181
278
237
300
180
249
324
197
251
153
275
243
167
358
283
201
244
196
206
173
161
182
237
208
277
300
257
161
209
214
213
253
201
253
354
181
313
273
130
264
247
232
283
256
264
64
278
244
295
276
308
391
229
237
314
222
204
218
283
296
261
332
189
325
246
63
327
213
184
198
300
340
351
294
314
205
167
357
318
174
280
288
264
102
295
254
235
238
328
163
118
232
258
328
204
217
340
127
164
351
309
201
277
257
226
233
205
310
207
221
284
326
345
292
285
154
266
241
268
256
166
194
269
344
234
331
306
213
246
239
234
274
251
234
194
200
136
224
314
311
183
273
190
214
140
306
260
278
221
288
262
349
338
340
238
268
214
223
310
239
238
229
136
307
182
319
260
267
264
152
301
263
188
279
311
332
237
155
255
249
309
351
233
194
267
279
187
288
324
114
199
210
283
215
299
326
284
256
275
331
262
296
201
280
244
259
373
333
319
161
294
301
304
247
245
191
235
225
186
330
184
199
283
276
98
300
268
216
209
250
313
203
220
268
307
187
196
224
120
135
280
210
229
251
138
202
273
384
180
254
180
346
289
240
256
207
260
238
240
359
281
232
218
229
211
260
243
260
195
202
228
177
291
253
333
193
300
333
338
283
250
125
268
110
353
312
337
213
294
274
335
155
179
298
313
343
227
322
281
277
165
276
88
268
244
165
219
205
126
239
347
254
233
278
274
347
276
136
238
238
283
155
205
244
272
349
220
198
201
143
231
99
376
93
278
224
182
219
239
226
236
126
257
199
219
212
158
245
298
271
172
305
195
302
280
234
238
255
237
314
231
258
157
271
245
340
356
290
168
218
239
208
366
281
262
201
349
239
290
252
291
224
267
183
166
147
286
129
318
315
259
237
295
267
213
208
241
276
324
226
151
124
224
390
279
232
179
242
330
233
207
338
171
193
219
279
257
172
235
271
277
192
217
170
188
228
206
179
287
172
248
314
174
204
271
337
345
130
188
265
276
242
208
122
271
265
238
282
160
256
235
212
317
219
272
249
267
265
295
253
196
339
280
170
251
226
352
347
255
256
345
185
278
268
256
274
333
269
330
156
259
186
231
287
304
207
212
189
226
301
284
161
156
328
210
220
242
204
306
210
305
274
289
362
321
326
312
199
191
303
344
308
268
377
225
260
302
239
156
229
176
224
269
275
257
132
304
143
183
303
385
166
293
230
175
289
301
251
241
181
253
220
291
220
274
262
142
128
294
297
243
239
174
169
197
191
237
228
331
260
189
314
356
375
286
294
298
274
240
332
236
200
271
203
311
231
208
282
367
215
279
269
239
206
245
259
203
234
170
223
276
155
324
206
255
375
232
346
294
242
291
247
144
182
192
175
252
310
201
182
300
253
301
298
294
305
261
303
227
260
155
152
253
171
224
270
246
255
321
200
297
306
201
346
416
239
139
276
112
255
233
280
258
225
234
202
204
210
370
354
272
132
250
187
156
316
250
203
280
202
251
210
342
248
186
243
230
288
229
231
277
231
276
205
292
276
369
304
270
267
161
244
323
257
312
340
291
211
338
259
232
195
321
272
217
135
306
294
224
208
217
330
252
322
319
168
288
228
266
343
177
292
166
277
305
308
266
175
227
210
193
202
205
275
294
318
181
313
292
243
312
282
209
346
121
278
215
186
258
253
326
294
243
191
223
174
274
335
160
168
351
278
254
280
267
246
207
354
229
300
175
290
350
332
236
163
283
271
277
202
278
396
295
316
262
206
295
235
315
276
199
346
221
127
206
316
207
350
284
167
293
327
307
213
261
237
203
219
257
220
191
292
239
259
218
296
229
249
252
230
240
304
332
294
277
191
277
335
244
109
253
242
302
217
192
218
227
226
268
226
199
203
244
244
351
328
231
232
220
204
209
291
218
267
205
216
181
207
280
150
201
218
151
211
256
211
215
345
315
210
236
304
332
113
336
337
230
265
209
266
196
213
225
247
322
333
322
257
219
180
297
290
239
211
333
270
208
263
314
332
253
191
257
341
355
312
227
216
251
363
302
264
207
199
161
211
133
183
181
268
250
246
327
231
195
338
137
272
244
379
237
311
171
179
311
276
199
279
317
284
299
248
187
260
162
259
231
185
253
251
217
135
205
292
191
218
175
150
198
134
181
311
206
300
198
331
226
341
285
226
242
360
251
147
276
268
201
285
356
184
295
207
228
236
114
296
276
267
220
195
254
299
215
266
267
179
230
272
208
319
202
166
219
253
271
297
221
172
323
359
274
233
203
226
300
279
292
137
241
280
70
251
264
167
226
269
261
256
370
302
193
163
307
194
239
244
280
291
168
257
267
235
313
183
260
233
319
282
171
218
203
240
268
323
186
142
277
198
315
267
234
309
234
140
248
282
125
302
270
169
319
228
163
251
351
279
272
276
257
233
243
230
273
302
218
213
215
317
170
296
96
245
377
289
335
302
176
174
247
234
235
279
227
321
334
297
194
260
221
351
239
261
203
335
194
190
200
176
275
152
171
356
226
185
276
266
268
228
175
175
262
190
264
367
273
349
319
230
162
222
159
157
247
231
191
94
251
243
330
408
343
203
259
246
297
349
320
398
237
90
223
227
337
336
196
280
306
343
357
142
203
324
229
211
237
252
282
265
153
235
197
208
268
252
224
277
307
293
268
230
218
295
229
228
292
270
266
194
189
222
287
203
175
233
323
304
234
211
303
254
282
314
249
205
314
329
346
306
390
253
297
249
293
234
228
282
206
218
158
237
170
113
250
205
161
318
219
222
325
280
291
249
224
233
264
310
298
290
343
242
212
199
161
193
299
212
233
305
127
266
304
164
240
366
289
154
319
263
256
200
249
165
226
204
352
269
270
317
326
301
186
151
316
281
335
277
296
171
168
264
333
353
288
259
83
245
198
253
269
381
213
292
206
337
149
239
265
149
253
174
333
312
186
237
319
263
143
189
261
276
180
297
267
297
156
202
377
141
265
310
321
177
222
246
230
316
334
268
220
241
267
184
346
221
252
374
256
269
188
356
279
332
338
302
262
228
340
164
245
237
227
202
120
246
97
265
206
208
305
194
325
257
198
333
269
216
292
314
283
360
278
233
328
199
273
155
199
164
221
185
396
306
202
250
210
166
318
270
268
100
189
284
263
177
152
295
294
330
260
203
244
301
263
139
282
183
242
270
138
231
262
226
271
209
265
220
310
249
139
333
281
321
251
140
234
201
211
309
271
257
281
264
273
236
183
144
241
205
185
205
241
314
250
255
293
224
218
195
326
282
201
220
221
174
233
244
369
238
319
382
219
208
176
249
242
172
134
292
367
232
302
314
262
273
284
260
196
270
278
254
259
227
270
202
315
156
118
327
233
265
169
207
135
239
173
343
305
273
170
219
253
317
322
202
330
282
289
276
348
244
372
231
220
211
252
366
271
334
231
276
305
219
232
233
197
248
257
222
289
205
214
151
274
184
226
170
332
337
216
171
197
164
207
370
186
159
193
306
322
152
163
287
256
227
241
297
111
174
265
309
200
145
154
180
241
164
193
275
337
338
263
276
310
241
353
289
271
144
265
160
258
333
355
272
226
236
309
317
275
212
377
163
326
220
215
297
261
200
175
262
295
206
281
293
230
313
143
299
241
261
258
256
160
221
311
289
212
267
231
195
268
292
184
163
143
378
244
317
314
184
254
121
165
163
285
236
309
186
204
246
330
375
280
254
206
277
286
367
320
187
259
216
268
233
181
255
234
225
240
263
225
248
202
353
154
241
270
263
345
237
346
250
262
366
248
337
160
145
250
155
223
208
263
278
237
254
177
284
202
209
137
259
269
228
220
178
231
295
280
300
274
271
256
114
255
170
159
296
188
321
209
225
214
301
275
147
223
226
346
241
253
252
214
295
204
288
250
209
226
300
207
225
252
333
258
220
271
178
233
138
325
173
208
221
230
228
319
218
159
271
301
151
196
251
266
374
275
126
151
325
273
330
211
309
206
223
269
252
249
320
154
258
367
337
277
204
279
118
194
289
213
220
291
211
283
188
263
300
190
213
176
316
317
200
196
199
246
262
277
238
196
303
201
239
277
240
239
236
226
223
239
259
209
153
155
272
347
271
211
276
287
276
310
234
192
350
249
305
336
237
170
185
209
221
271
372
174
254
265
231
192
162
293
331
307
291
295
317
275
324
371
346
202
260
280
254
307
222
83
150
228
253
212
250
333
231
283
119
259
283
244
311
208
388
313
268
247
289
188
227
282
293
310
192
291
281
228
274
251
208
125
117
169
349
212
299
156
236
248
216
255
201
185
171
211
193
165
248
143
288
294
367
276
222
298
304
153
226
233
350
197
271
207
186
307
229
353
321
317
346
301
220
283
220
279
259
226
207
174
242
229
127
198
223
248
283
204
226
305
186
392
236
237
365
257
207
361
365
161
207
174
226
327
186
269
267
216
186
222
212
250
187
300
323
239
335
296
148
308
223
205
202
266
272
267
100
288
299
370
239
266
299
318
127
293
194
305
262
191
257
269
205
192
291
227
212
173
362
231
231
220
208
111
157
229
146
256
277
295
229
315
202
226
322
259
155
313
274
285
352
265
206
264
275
145
272
275
219
305
247
123
270
198
268
156
215
319
305
314
332
344
356
355
290
264
329
319
232
241
158
233
323
297
406
317
261
234
231
284
289
225
186
305
171
345
285
325
321
272
247
254
318
283
181
147
161
220
235
221
273
350
275
202
285
314
252
323
150
185
184
238
294
291
167
189
295
153
277
229
213
210
289
263
278
329
196
230
230
198
157
176
236
261
230
331
223
271
335
203
170
252
292
295
262
270
290
250
323
161
264
224
237
314
256
251
281
177
314
267
303
265
322
280
270
241
166
311
208
246
215
129
222
220
281
274
222
217
167
202
188
173
256
211
197
192
280
248
193
307
188
201
147
331
350
236
264
217
261
250
247
260
247
277
275
262
343
288
162
267
324
319
184
217
309
260
333
221
168
225
315
212
294
269
270
275
246
253
115
295
279
204
211
260
204
271
231
317
354
187
233
171
368
304
194
266
294
191
299
262
253
196
186
275
370
300
128
271
280
263
317
264
333
284
176
231
153
339
363
277
244
345
158
342
307
289
220
137
270
311
249
142
121
370
271
286
212
167
293
238
293
167
134
264
197
196
148
203
275
309
263
222
239
320
310
319
234
248
165
255
286
210
195
182
216
245
202
319
287
319
94
176
227
228
83
294
237
324
127
328
272
330
242
352
239
270
304
142
253
231
235
254
311
231
238
111
325
146
177
255
243
263
200
250
258
128
233
177
254
202
278
286
303
223
250
178
201
176
257
238
259
252
234
291
157
210
386
335
325
258
304
187
255
230
310
246
228
170
260
287
321
189
318
314
343
213
200
215
235
344
213
301
328
191
246
279
320
175
143
176
237
341
242
266
247
229
266
217
296
219
279
230
270
243
225
251
288
202
246
201
167
133
235
239
153
294
166
214
200
288
282
233
238
219
255
195
327
351
311
289
202
311
300
311
271
292
241
231
149
311
287
262
198
227
258
344
310
273
218
125
206
223
170
378
299
179
247
207
231
273
194
340
398
247
108
223
281
243
216
243
157
184
200
268
221
275
173
197
298
210
205
217
215
141
276
214
235
262
401
338
241
249
209
263
183
328
333
303
302
224
209
226
227
360
278
248
204
244
218
129
218
334
256
258
310
142
227
144
260
356
337
301
214
374
210
214
224
207
290
311
82
226
273
216
340
211
210
237
305
246
291
253
206
268
341
124
257
328
182
183
140
132
259
307
312
313
239
233
200
138
250
296
230
182
261
183
280
271
146
224
253
347
239
194
246
161
198
172
215
189
218
201
340
335
186
191
238
232
225
290
226
297
143
322
216
312
289
252
214
224
255
134
212
295
327
169
351
283
149
170
289
244
144
185
172
389
134
293
298
279
249
257
236
285
238
316
210
168
262
167
273
270
171
166
266
343
301
300
279
246
175
314
194
253
198
228
201
267
260
231
250
212
271
234
179
240
241
396
324
129
286
326
141
192
380
257
374
276
273
177
225
236
223
138
158
170
244
250
228
213
333
176
129
161
313
298
214
228
267
225
315
204
219
253
263
186
264
275
200
236
216
327
276
251
296
295
202
328
240
365
306
195
208
169
226
275
252
144
192
273
163
316
113
129
301
344
335
156
204
270
304
262
369
280
195
273
246
209
179
211
180
331
211
161
169
328
200
188
286
180
232
234
252
317
238
287
258
220
313
259
162
304
366
282
312
272
334
254
342
257
217
369
226
214
202
303
278
262
275
290
322
208
288
250
271
198
318
291
305
357
214
258
342
317
275
250
307
350
297
270
210
230
294
226
192
142
266
304
275
276
317
292
255
276
224
282
235
195
361
321
156
140
217
111
250
182
191
194
243
237
304
220
340
234
242
250
377
322
118
147
281
207
340
102
264
191
187
112
245
348
293
248
283
231
206
299
198
354
178
266
264
255
300
157
134
245
242
294
382
212
276
185
285
212
267
276
205
237
173
251
239
250
320
224
232
350
199
217
234
276
149
233
263
220
199
278
177
213
184
271
281
245
214
134
206
325
167
315
314
234
206
314
131
205
241
302
285
263
197
350
115
217
221
256
221
226
338
325
320
294
349
178
228
214
163
225
302
310
267
173
233
359
199
223
246
256
264
208
233
296
153
297
268
271
269
317
284
196
304
270
129
216
288
308
224
145
343
195
266
384
222
270
213
138
263
186
275
274
196
255
263
207
186
338
234
195
253
187
282
205
333
220
241
243
376
200
244
346
144
364
88
240
209
259
215
208
271
193
203
210
262
337
169
320
263
254
246
177
279
139
193
221
187
368
270
213
304
212
195
247
183
275
331
237
177
308
329
341
143
272
201
253
320
227
301
224
252
319
205
245
335
227
160
291
270
233
277
346
260
259
229
200
372
356
279
200
330
324
338
272
307
201
207
350
238
297
283
260
351
316
302
213
340
281
248
232
225
188
342
374
256
236
137
219
331
243
255
201
197
290
253
247
166
267
98
199
292
174
368
197
252
318
128
175
256
289
109
264
324
189
341
288
162
273
264
229
231
253
219
314
165
271
87
260
129
320
326
288
302
216
326
314
333
209
248
287
256
246
269
231
230
321
156
235
184
269
210
234
281
276
197
233
353
252
267
285
275
271
155
159
230
167
204
342
262
232
324
158
232
163
302
270
186
332
267
123
214
146
333
291
234
348
355
330
283
223
211
186
141
266
265
289
175
184
231
276
284
331
280
208
335
236
222
339
162
207
246
195
207
250
199
281
170
168
162
206
278
282
233
191
255
240
145
277
237
262
161
293
205
153
308
192
210
192
139
304
165
362
278
148
191
206
282
220
296
275
170
329
300
233
276
91
232
160
291
246
277
208
135
189
247
221
182
265
288
148
188
336
194
185
213
327
286
196
237
83
159
215
89
318
316
286
369
168
134
315
276
279
149
345
140
167
214
267
95
312
253
311
368
278
211
372
257
225
327
182
236
219
196
121
305
157
194
291
225
307
200
177
300
309
220
330
219
197
295
188
289
335
247
259
277
251
154
167
207
280
258
256
154
248
232
95
301
149
202
220
255
256
240
215
198
221
297
278
145
133
194
208
248
308
321
272
147
297
138
202
179
244
293
235
292
87
335
292
204
198
188
189
213
233
219
282
235
323
337
192
242
361
223
205
161
160
227
141
214
281
144
208
228
281
272
353
162
214
204
165
194
167
298
175
317
200
369
216
214
195
245
301
347
203
297
279
275
263
248
333
213
264
205
337
202
311
313
226
203
299
248
159
257
200
341
146
141
143
184
282
246
278
268
267
271
353
342
257
176
223
160
205
225
226
275
217
236
219
344
258
180
248
189
264
143
210
178
286
248
262
221
313
209
230
317
310
288
312
259
320
298
279
120
268
208
353
186
295
284
335
387
235
217
231
306
212
257
300
188
316
185
252
242
189
180
228
85
275
351
156
200
202
227
181
267
225
375
343
226
227
110
199
215
340
333
228
201
203
350
192
225
194
345
222
210
260
265
173
238
239
307
195
155
238
274
315
273
240
216
288
191
321
295
342
245
319
328
246
275
307
274
323
176
239
251
220
239
352
277
223
179
191
190
286
300
315
265
221
253
226
332
227
209
294
157
150
184
220
121
204
202
294
282
202
362
246
304
199
152
283
234
239
273
245
286
166
283
134
233
132
193
297
230
177
338
238
210
309
342
291
206
255
211
348
110
285
114
291
235
334
284
241
166
195
198
209
323
151
292
261
295
249
343
364
241
151
249
253
169
245
324
271
197
182
255
332
185
311
289
117
238
75
334
147
190
212
242
236
193
328
131
277
246
260
260
178
280
239
248
302
215
229
280
336
267
222
256
216
325
342
168
246
328
124
186
238
284
311
212
275
303
195
259
230
269
300
226
191
142
351
196
282
241
247
230
281
236
235
328
96
287
311
282
215
241
174
232
314
333
350
122
351
240
182
197
210
316
257
360
235
231
230
300
241
225
248
293
304
245
215
312
214
178
362
259
218
122
250
248
338
206
234
330
212
227
196
222
129
194
258
214
191
218
290
218
272
285
189
189
241
329
294
265
228
223
298
302
409
332
119
283
287
200
173
354
280
319
228
301
225
349
280
171
351
325
262
317
314
214
271
231
342
286
232
306
230
307
224
250
276
237
301
161
239
294
297
360
268
268
299
306
254
307
317
265
200
278
271
285
159
323
267
252
178
258
250
227
185
243
206
243
255
256
333
222
264
328
294
289
280
255
272
230
202
292
374
187
323
307
249
327
240
192
202
357
224
306
296
328
157
322
190
370
264
273
202
228
215
313
229
193
298
176
306
228
261
132
208
315
359
246
170
311
326
291
215
273
223
398
302
131
287
267
144
159
349
261
283
217
173
267
300
216
318
386
369
141
205
230
289
261
346
275
238
216
288
252
278
329
180
289
259
194
266
188
283
211
215
209
280
186
241
321
304
198
285
182
181
212
224
211
291
272
158
248
161
330
272
167
212
205
147
245
328
261
223
298
223
139
181
161
306
165
222
137
251
117
199
193
269
238
280
175
264
320
256
259
341
251
256
366
219
247
275
329
296
363
180
222
213
215
258
312
369
220
269
219
327
178
338
268
369
285
239
212
231
237
225
225
314
320
248
201
259
186
279
201
278
246
218
288
288
330
287
363
269
205
176
225
265
190
314
205
188
295
329
270
265
355
312
304
197
156
280
344
316
263
396
158
229
328
203
171
135
197
340
247
145
325
215
223
243
228
298
272
277
264
207
255
307
297
302
216
178
310
322
242
246
269
366
159
178
336
247
301
258
109
192
264
229
294
313
230
398
245
108
241
117
304
266
263
190
344
322
297
311
189
233
190
380
265
296
237
297
229
267
125
247
265
375
294
285
273
296
166
176
219
190
301
172
308
287
249
211
319
198
234
142
284
272
152
241
282
191
404
344
321
159
210
115
345
184
297
286
206
266
250
250
164
386
266
118
252
253
368
293
238
263
310
234
150
256
248
257
343
274
204
330
309
245
224
224
288
297
165
307
202
288
276
186
218
311
143
242
260
279
348
328
263
173
205
230
219
277
374
365
283
207
235
258
358
142
347
351
354
171
182
251
269
215
276
276
282
280
210
345
192
329
249
311
326
250
202
239
324
235
145
393
324
322
338
340
352
218
213
261
164
258
288
204
355
306
160
246
158
302
252
251
259
243
270
279
321
225
269
265
262
178
288
232
161
184
212
243
225
192
87
232
385
249
276
331
251
196
190
306
287
219
151
203
300
263
197
298
252
217
209
246
238
252
240
232
134
270
239
144
289
175
206
230
311
152
351
274
309
230
258
296
368
294
180
295
144
208
240
279
181
278
210
201
178
288
296
292
321
130
302
261
169
178
237
211
233
144
302
305
320
304
188
247
329
179
275
377
286
160
253
142
268
356
241
254
367
225
279
236
190
266
138
205
221
310
194
250
219
362
205
182
288
335
324
80
229
140
295
172
161
273
317
261
298
111
223
346
186
217
286
129
172
232
244
337
278
363
258
223
225
241
287
198
239
283
246
228
335
137
342
271
224
336
243
295
191
408
284
343
176
307
239
223
301
290
227
222
408
142
309
236
296
264
317
179
230
251
274
114
245
266
235
75
190
302
186
261
276
260
216
307
241
369
156
261
325
316
230
293
172
305
295
185
243
193
316
280
250
306
222
214
255
247
161
365
309
325
343
302
209
262
290
204
252
151
191
344
204
201
220
280
172
222
181
187
278
270
313
264
350
191
278
151
153
244
309
224
260
166
144
231
138
348
166
169
237
208
189
178
236
230
169
228
190
275
228
270
206
303
155
176
277
222
218
361
416
280
185
291
128
229
248
191
199
260
265
161
271
285
207
281
236
228
211
248
176
186
212
337
261
289
319
178
214
257
110
356
295
180
348
274
242
170
174
170
132
177
211
152
258
178
249
207
292
152
250
264
273
170
166
318
238
151
243
234
224
177
247
240
297
162
258
374
163
143
171
325
274
302
188
193
231
209
266
167
302
307
172
262
179
354
268
191
126
248
305
138
246
178
239
216
248
190
282
291
227
265
331
310
166
244
276
271
291
298
282
293
222
183
275
335
191
221
184
336
212
238
314
277
302
186
136
232
260
238
245
186
327
215
296
195
301
242
288
248
184
195
264
286
260
360
235
141
180
288
232
329
138
272
310
279
174
263
173
357
298
315
193
317
214
369
251
238
309
278
235
196
274
161
126
265
246
311
249
286
149
274
299
296
233
204
143
273
228
297
237
241
368
196
299
201
79
295
347
237
210
254
217
199
334
195
307
199
301
207
214
270
186
212
208
261
328
250
334
237
318
218
276
354
286
152
88
214
319
212
356
197
140
312
308
285
294
217
230
170
258
290
265
284
211
280
301
305
163
92
189
313
169
186
272
255
308
227
243
316
185
240
285
245
358
125
288
348
168
294
249
163
282
322
285
281
247
182
239
253
197
278
244
220
224
213
290
262
290
272
354
194
265
263
367
238
299
211
252
176
309
280
201
221
220
216
270
278
215
301
267
224
174
273
332
307
225
304
200
225
166
249
261
242
325
236
371
365
274
142
263
149
338
232
327
321
260
218
259
160
269
261
286
359
251
245
102
141
262
281
303
224
158
322
236
212
283
197
253
285
65
292
274
370
349
254
249
257
249
172
259
359
250
331
260
232
267
287
312
210
288
263
190
178
185
275
392
238
268
290
362
216
195
229
259
283
242
158
333
302
274
204
280
132
366
277
185
221
262
268
272
349
224
186
270
193
266
298
202
278
240
291
210
223
180
291
132
326
234
226
222
247
171
178
227
320
231
208
254
218
274
284
328
101
160
277
188
248
203
136
147
291
311
257
191
312
257
240
313
234
204
228
227
240
306
199
215
263
188
187
309
343
266
247
336
234
220
176
282
249
374
217
251
281
263
190
281
303
226
250
283
194
244
223
310
239
166
166
187
180
175
261
251
201
295
227
214
188
241
268
256
305
241
265
158
264
195
217
202
159
152
325
269
323
305
275
241
244
246
277
373
364
239
268
215
149
288
161
303
281
201
165
228
113
236
263
367
259
120
304
273
216
243
181
293
290
286
359
275
307
351
332
168
261
154
232
242
209
294
286
189
241
229
240
284
297
317
341
333
252
325
237
298
198
229
238
253
275
253
234
201
350
295
214
186
304
217
274
167
177
213
142
291
197
191
287
300
128
250
178
314
284
212
372
230
263
253
338
261
175
126
186
242
337
168
317
227
213
236
269
292
307
277
249
234
222
177
176
187
203
189
262
277
330
338
199
192
340
203
277
237
318
260
184
244
286
192
260
269
247
256
278
289
313
223
288
195
270
333
159
193
232
184
303
285
244
215
204
287
374
319
239
212
184
252
206
247
372
104
290
289
167
266
235
234
336
225
192
159
295
202
203
365
313
196
284
240
170
184
267
158
316
220
181
273
186
226
161
309
283
279
233
211
292
416
203
221
278
252
134
233
306
290
246
301
335
238
260
232
104
230
220
267
224
247
282
241
278
231
222
286
233
331
211
296
297
144
235
264
335
191
195
326
342
269
129
207
206
261
269
308
278
214
330
252
256
169
133
268
351
143
263
222
351
246
229
296
202
343
226
203
203
249
180
245
165
181
275
248
180
214
198
195
228
222
319
341
300
361
331
264
183
201
269
276
241
211
316
179
223
280
249
246
207
229
284
324
240
213
134
314
303
171
144
223
173
312
303
287
183
230
234
194
152
242
242
249
171
250
211
310
194
236
239
301
204
309
245
139
265
323
344
276
262
338
178
164
317
240
330
273
250
328
335
214
195
265
137
367
248
246
206
245
312
306
241
345
217
219
249
345
351
239
265
173
306
224
195
330
260
307
181
335
295
287
340
237
94
189
160
258
325
275
245
189
236
255
241
214
316
269
230
244
250
154
293
255
297
156
325
167
236
193
213
301
223
189
286
230
315
309
354
311
204
228
266
278
165
177
146
341
207
241
293
204
234
243
243
237
251
294
179
323
358
325
203
230
235
254
189
164
259
324
269
205
219
267
253
239
266
344
145
304
138
264
317
238
266
325
198
294
264
225
302
256
250
385
223
314
283
176
207
260
258
241
180
285
286
199
198
312
361
295
321
212
289
197
265
258
178
288
296
171
327
249
201
233
250
351
266
232
387
248
281
164
235
218
287
213
321
251
280
264
322
235
282
154
290
247
295
267
259
268
230
361
258
269
210
180
229
194
351
221
277
214
271
184
167
288
183
295
216
251
330
323
144
274
117
215
290
295
229
358
335
289
285
176
222
138
161
267
329
307
128
199
221
219
288
269
220
286
267
330
133
221
251
81
135
286
178
261
193
267
168
286
217
209
215
263
147
262
285
147
225
163
302
236
278
338
194
199
257
223
133
251
363
236
220
175
309
227
208
154
210
248
224
240
287
234
203
261
254
287
266
360
189
250
178
252
279
274
298
326
265
267
284
303
186
243
207
212
216
218
359
248
213
193
189
189
307
337
288
269
213
381
318
332
253
220
165
335
221
277
252
335
169
212
282
301
346
241
176
220
220
156
308
266
323
264
206
276
266
287
295
338
238
234
249
166
278
322
319
232
206
340
242
326
229
218
308
269
269
190
302
189
261
286
223
292
280
255
217
161
302
146
237
182
278
248
242
212
215
357
318
152
188
182
374
224
238
226
217
280
239
264
252
185
177
203
220
163
349
184
283
304
335
113
194
316
266
165
248
193
265
300
301
301
200
182
200
274
248
178
245
175
250
253
274
372
239
303
184
311
207
257
258
248
208
233
312
191
181
115
330
281
209
280
339
244
276
178
252
209
222
249
266
235
223
136
270
237
256
337
295
294
221
263
278
221
154
365
276
353
141
356
268
280
352
250
277
203
315
272
277
281
235
273
145
262
333
217
212
168
205
287
318
336
210
255
363
211
177
169
214
342
212
332
296
181
333
237
232
287
155
205
291
213
319
317
189
254
291
150
364
243
399
340
181
227
209
246
246
236
244
219
205
268
315
168
186
223
241
252
339
189
178
308
185
200
182
291
287
234
220
161
251
255
293
269
332
255
157
287
288
264
194
246
375
271
277
243
262
221
209
269
243
181
218
127
192
361
313
291
205
302
263
264
282
223
216
178
292
314
262
212
260
146
224
317
210
299
259
218
162
254
278
221
202
316
269
258
331
234
216
187
133
237
337
266
188
288
306
116
192
320
230
243
155
259
322
272
217
217
248
259
177
352
242
331
162
336
180
317
240
151
226
257
189
283
226
259
331
185
292
258
272
143
284
254
212
190
152
160
194
361
218
202
237
180
137
181
329
261
178
315
287
290
253
314
309
232
199
302
330
256
236
210
222
273
277
256
316
187
195
129
369
330
132
163
232
288
198
241
294
319
244
236
299
213
187
279
299
364
308
215
264
180
255
313
254
185
286
179
335
269
228
219
180
283
352
264
337
125
269
226
289
150
135
222
336
165
218
113
164
267
212
266
270
314
185
257
270
164
238
308
265
225
374
217
328
274
225
256
274
183
261
320
298
234
288
329
192
265
249
170
223
322
325
298
188
299
308
262
291
239
352
242
247
258
294
205
234
232
275
298
214
260
196
297
229
280
161
256
198
210
186
270
316
349
343
238
268
218
324
145
235
272
319
209
235
232
262
239
367
125
244
330
340
181
249
203
244
335
208
219
290
248
291
183
275
196
271
370
348
213
203
266
356
209
367
223
246
311
317
261
374
278
186
313
202
223
258
247
299
346
216
188
327
216
283
244
265
208
244
130
281
239
304
281
325
315
214
135
138
296
250
207
203
297
140
193
193
204
209
250
352
306
211
316
254
239
139
211
357
236
191
243
182
156
304
139
252
175
215
324
223
241
198
294
290
169
281
296
257
104
236
180
265
166
264
168
295
319
279
161
201
280
237
164
142
284
313
307
143
210
176
294
220
241
182
267
283
207
169
234
222
288
204
138
153
227
175
285
190
240
231
313
346
240
258
168
257
258
226
265
186
212
214
207
273
256
296
132
278
244
264
339
298
263
354
209
190
210
270
263
301
224
301
156
247
275
268
203
235
237
184
266
299
237
284
221
246
299
230
273
258
162
241
201
183
286
304
316
290
165
277
316
235
276
168
230
217
325
262
248
374
368
237
212
165
312
309
316
176
333
260
347
268
332
231
260
273
300
262
179
293
252
229
390
252
302
233
162
189
258
205
321
248
361
238
249
336
188
240
264
215
190
233
311
214
234
174
257
263
222
285
309
347
109
280
194
238
206
227
330
168
301
230
257
243
278
312
331
169
167
319
290
139
207
250
291
196
113
279
180
230
227
373
300
149
237
311
310
276
159
252
238
272
263
311
315
196
163
209
266
238
209
270
299
306
242
203
216
269
245
276
245
195
216
144
253
252
336
271
291
163
275
197
287
312
160
223
189
164
174
297
237
213
362
299
96
238
289
273
245
218
338
242
291
211
289
259
165
225
175
315
261
204
331
82
251
254
138
365
273
129
159
232
