168420
161536
170679
189048
172344
165182
156740
169002
173863
157812
191048
165098
175439
168104
170642
175914
173324
162318
173146
185039
179408
180871
181064
181065
177331
177568
185281
167917
185876
164578
183854
169702
167468
171914
164230
179589
170236
182119
178197
176073
175485
172797
179218
168377
168015
165849
172039
174407
167636
165208
184621
169264
181495
156167
168440
171982
166652
151357
161252
169951
160651
158427
185913
163510
184107
184410
168848
172104
157115
168767
163221
165414
178049
176265
152960
176763
172101
168934
158088
172127
153585
171383
153015
169640
179993
181596
180490
173605
172745
164994
178116
182155
162866
161231
174490
163819
168466
164527
163508
175956
168102
164106
168356
162834
173232
172149
159274
182742
164925
168143
163635
187576
162435
171271
180069
180133
160934
175596
169673
157148
156140
165065
192433
164939
176236
184198
168566
182003
163549
182269
175980
161885
165265
163961
169274
173176
159404
165292
173869
173317
168097
170504
170445
167408
174450
187611
186163
168860
161212
179726
184460
161268
181648
166149
176528
165409
176023
178990
170492
164935
169856
177168
172371
174985
169059
169478
178622
170789
176348
168752
162685
175047
174834
173780
179915
180431
178921
170108
167224
173765
163975
175029
178192
169946
171442
183225
190515
183480
167621
174715
173727
176863
178688
161180
172807
172941
177727
151301
164665
164461
178307
181953
169420
174451
173236
167611
176096
167646
178517
157671
163740
167820
161336
158476
159984
187343
173170
168215
183624
168995
167224
160410
173275
183034
173427
176112
161750
158257
168724
180027
163491
179885
169293
157225
179291
168159
171893
182784
170104
179593
168832
173398
178198
178897
164211
175313
188778
165394
173987
161385
166351
170162
170344
170171
176364
181233
168092
152229
180477
167399
183852
175065
177727
172585
177507
163724
180564
171814
173844
162690
160328
161564
165919
161741
178607
149714
178986
176812
176323
170936
168018
179390
175647
166153
182102
188989
171963
175355
168356
168011
160310
169670
158810
175435
178082
158592
165406
178179
172898
165221
166867
155144
183950
154856
173001
179041
162329
186729
168393
170610
181522
175311
172439
165323
162470
168411
161775
188242
185261
169626
167769
175841
170635
168409
166437
173500
172194
173320
166809
176684
175939
181635
157216
175320
153061
173684
170751
174237
168869
162576
163555
174950
177814
179063
172080
169776
154284
170797
167371
181013
171703
175907
166533
170608
175744
166626
176515
172798
183120
194220
170170
177028
176912
178561
171701
170197
172955
161045
184205
173334
164311
170880
161121
164501
161512
186239
179670
174899
168920
162328
192601
174488
181466
171366
167426
178830
177140
174020
167907
162389
165895
176048
155149
185225
162932
172642
157415
178542
172986
158965
180246
177081
159955
185087
169462
174032
160837
159240
167381
169979
163941
162247
167252
162451
169273
182436
167959
160457
186244
169204
179449
182055
176354
176885
161962
164017
168798
181776
172666
165103
179937
176151
163513
189398
182222
172239
181183
153210
177199
177037
186260
167034
155314
166134
179266
162689
161387
172590
174875
170411
176233
163363
176681
190349
169245
180354
169398
177856
176028
172164
165909
168964
163786
172518
170853
187120
175953
187616
173972
166529
171486
172522
178915
166020
173950
188092
172840
170961
175242
170725
174292
168992
171457
189293
178503
170213
179201
176874
193488
172781
156586
168258
162061
163226
157106
171635
182421
169922
163009
164435
177221
181504
166436
176892
152036
153094
186712
167208
168283
174818
175223
178425
179586
170665
165341
184061
163229
172508
171012
168438
166614
175689
182057
158549
166418
185691
179587
181453
176789
179257
175088
164780
163200
158806
163107
156687
178751
164644
168822
177055
173085
173513
174678
181119
172486
169882
167610
173545
155116
175704
170667
172613
166526
168291
171915
173597
163972
174259
179440
168902
168680
167444
178964
165072
179121
166127
167071
182379
169645
169275
181567
164043
163772
177350
171012
152786
173506
167672
172649
172951
158240
167798
173173
184190
168879
182393
155289
184910
169463
173009
163339
181936
162396
166179
178857
162488
158915
166211
170498
181495
156357
168056
177932
176396
166950
168318
165045
182261
180641
179441
171463
174954
172933
165576
162701
175662
172937
163141
168781
172129
163961
175338
177964
162899
177306
176899
162791
161806
164495
162532
187218
165831
176540
164946
159184
178261
183644
165994
147735
164124
183704
158404
178511
164095
167437
165767
168783
163944
169950
179137
188734
165218
172301
173736
170161
177018
159781
171970
165041
176532
166340
170658
171985
182703
182228
166795
187356
172141
160170
169048
181901
172885
163798
172727
165523
174442
150343
176073
190816
161052
175904
147030
163144
183756
166046
162417
153155
155215
165507
173375
172461
173609
171005
154576
168780
164948
170518
165702
172381
164048
176131
181016
176453
160876
171649
186872
163791
163337
170480
167305
163862
165671
169520
170032
182490
179950
176568
163425
168886
185995
173336
160113
166306
161739
173586
163299
163821
176364
158921
153055
161228
179483
184229
183336
169182
176657
176951
162714
164628
169958
173138
167692
181410
161277
166201
170151
169311
165956
166286
180247
153640
157578
172373
183245
150491
157264
173147
181370
166340
174562
166498
163813
173096
172780
171267
165689
178904
175443
173643
163837
178509
174906
179578
154908
149616
178088
162402
165891
170046
161086
181144
173097
180960
172906
156881
171314
170657
159990
165570
174480
148387
172496
169796
181628
171338
168653
159884
167470
166095
166732
173820
166034
172890
182863
172323
184594
180165
180563
165646
163439
170149
182764
182653
172445
153743
183384
173460
173498
162721
185620
175614
166330
188522
167300
168865
176752
165753
169816
155836
180592
176119
177359
181456
168063
173537
166538
179408
170246
167617
173581
174050
144490
169229
175043
170930
154917
170733
173686
173138
162179
178380
172763
173322
179831
181652
172758
176970
166921
162118
163231
175274
187200
175378
161982
164971
179909
173007
160155
162478
175190
178313
168572
167965
164156
175098
166633
176587
164367
159585
166991
163497
168009
185485
166531
177385
178734
176517
166608
176028
168019
162853
163527
177545
171615
161850
157953
179236
185434
168671
161309
177261
164807
179318
169114
165763
179640
167548
182840
182141
175890
181687
182589
177790
177670
167415
182264
163228
178261
175351
174683
165433
179820
179030
180705
166216
146753
168780
177219
163656
168664
179813
169640
169720
170698
183754
156407
186080
159308
165556
163499
169331
174203
166643
166491
164847
163129
165574
166574
186879
174517
166889
166382
171369
181778
176763
175829
176658
180445
179677
161867
164426
174461
170806
174223
156275
172229
164925
178832
172050
179555
166087
173228
184969
166134
175098
186196
167343
160346
170512
160985
174493
156638
158200
166947
167289
153222
161170
171218
170378
185058
177644
165826
167554
165349
180526
185845
189905
182960
173049
184925
173941
185109
170366
181555
163679
176676
177127
166998
166536
167270
181748
164892
181753
170417
172836
183748
179147
173349
168737
182864
158132
157603
167987
167614
172567
167704
166766
177704
168296
150566
168226
183087
166847
177096
184182
175669
172735
171766
171256
161797
166600
181275
164707
174606
167459
169871
160134
174468
165573
175021
181050
166249
174022
153417
177940
166221
175446
173855
172999
170468
179983
182035
159248
178666
163609
163072
183615
171810
187021
155933
169090
162091
173841
178793
166645
177225
155159
181847
180467
166488
155711
171780
170028
171256
171579
181292
162025
170330
179426
167962
182609
175761
182912
159582
184501
164968
159294
173838
164183
168088
158853
163476
174703
176815
172482
166544
172087
136609
160863
166567
162072
168578
170498
160517
186691
184599
172052
173976
163461
173019
169517
167160
166388
158977
177286
166945
174536
175607
183294
151353
171359
167183
161576
175010
166736
164768
180184
156470
182109
178395
169848
162848
180823
157306
187187
161407
173385
168273
179355
162561
176311
166361
179293
166596
159306
166022
165315
182464
159992
182877
170179
174818
184854
170774
183590
171259
174029
163872
173621
168195
177562
183610
174436
151461
179830
174962
162932
168176
168505
168392
171284
156483
175883
179972
180238
161285
175162
173281
161494
182898
172176
165517
165963
166309
169720
162303
168252
176209
164456
174805
176758
171149
183124
163553
170715
174495
176411
164310
168641
169986
149439
165461
174160
183943
166417
157315
165613
179347
161160
157519
172560
168106
169997
154483
170776
165103
171933
159936
170676
178544
179903
176878
185443
171605
165154
181150
164281
172987
172908
167962
165263
168400
165307
176117
179168
182021
167946
165506
168886
156816
168075
160402
151986
177157
187986
173336
172849
156516
158314
180782
172184
170347
169813
170382
191099
166913
181972
176273
161680
174186
198086
174823
151679
165511
180054
167176
153377
168126
156639
181239
177155
173987
165859
175984
173737
158515
179666
171407
171765
178817
168326
165022
164249
179872
161809
175857
174552
183346
174189
170716
178396
176516
171413
166221
166522
175437
166656
165342
172207
160563
178084
172475
177313
181836
178508
167173
166204
185079
176752
153021
167580
171305
172253
173366
184926
164631
154628
176365
170924
180632
173043
179814
172269
163898
181762
171137
176328
173530
165275
170938
170260
177433
160342
162497
176523
165883
161360
175842
176817
162217
164104
171600
170721
164558
170581
175332
161305
166377
160494
166614
176798
163682
168694
169083
168882
145866
165647
157886
173446
161872
158641
177750
167116
171086
170670
174135
173717
165909
177374
174830
171801
162161
174115
169042
164692
173017
175739
169682
162708
179450
165648
151871
176662
161945
177713
174265
172901
176462
168604
165342
168818
172560
170669
170787
164995
179031
159819
170564
186078
160672
164995
155638
158660
159660
168603
161207
165168
183240
177392
150708
166527
164467
170463
181575
169352
177842
181915
168990
172828
172831
169118
186397
170093
156649
167821
160852
173838
165949
175070
171931
168550
184220
161954
164488
170465
180816
172724
170657
179012
178110
182138
168872
163810
161802
183614
154278
156525
174439
170841
170804
172287
176203
179955
155743
167129
181043
183620
170841
156100
158074
159476
168226
180104
169627
178167
180495
164866
168499
170144
168004
184245
159746
174267
178614
172535
179690
170073
186316
174214
174859
178775
161706
183375
168426
167378
169310
172044
167591
176419
174091
156978
175046
162385
160897
184541
176039
173599
166735
177305
163019
165774
170499
155504
176457
183728
159103
165599
181105
161434
168191
173993
178119
172632
174229
165586
154177
175662
182455
172780
171164
185781
173031
184360
165202
169773
169100
160717
185273
171901
162005
161411
168276
158021
173704
175263
171001
163640
166948
178406
180563
181261
166936
176838
171007
186583
173948
186692
186227
177221
182071
182112
169846
180878
164324
170977
162703
170236
167429
168986
162274
176229
174969
176602
178514
162958
174667
169494
182608
182946
179764
156822
171804
173197
171367
168059
167897
167672
179064
165715
168083
170892
175324
191492
169365
177468
160327
177404
162006
182946
171947
176656
181760
160741
170649
170789
176564
164120
177554
182022
160644
174726
173790
168052
180847
175367
164938
185376
167402
148852
160183
174865
157674
172532
165885
169490
169420
172102
174417
184513
181287
168102
179855
164966
170424
165527
162160
164057
157194
175677
152731
180115
168689
175434
171322
164666
176007
169540
163039
179553
171486
178394
174704
181207
167655
170674
171327
156473
186084
157446
172441
166495
163580
165077
172670
161134
169997
176144
187738
174948
164004
170045
175657
177794
157749
162016
180068
163465
156952
173537
152348
176272
162956
176552
162519
163818
176153
165717
167584
173751
180086
163857
157581
163519
174884
173933
182459
182776
172962
165196
170834
177349
169226
180117
171770
190240
172915
178177
170300
165490
163983
165178
178175
162800
163205
157888
180547
153338
165655
169943
165998
172721
175221
173058
160757
173666
167175
163266
186813
171833
181279
167285
175711
180004
159812
171074
159243
189441
167126
171628
187029
185783
176196
160887
166922
171325
159768
179497
173041
175730
153445
163574
165275
168798
196305
165749
175258
169757
165501
160405
170238
172862
162837
175444
173489
160947
175875
177254
175208
173850
176531
169257
181583
171806
158178
177865
154362
170120
170436
174181
174718
172086
166009
161795
170930
170639
175421
180868
161506
170774
171766
175615
163610
160591
166036
179780
155761
156840
178933
170079
154420
194995
159114
181206
169433
167313
180193
184628
167848
169564
169187
169150
170002
173996
168780
185309
162424
169668
161267
180593
173736
177577
157886
168340
167393
173449
184286
174798
180135
163159
158083
183766
179635
158489
182699
172124
166227
162261
168571
170665
162895
182543
181645
177253
173094
166576
166235
173646
170545
176259
169390
166306
169254
169005
175119
173482
174346
183566
163869
179096
162949
174021
167899
165651
179411
181189
157341
162350
164233
165270
163198
172193
181021
162288
165142
165471
168552
171766
170562
158008
155090
173636
176575
181384
168539
160363
170059
165086
168895
187107
162884
170300
169893
167423
158559
173694
168756
169634
158148
171564
186133
167058
152444
181870
177885
166137
166483
173325
167123
146340
169126
170460
166987
181786
169508
181070
183150
189599
176877
168018
171124
167942
176821
179873
185858
176412
176178
175175
160281
168767
177105
165016
165559
163063
164555
179378
169838
164681
165973
173005
174086
173822
157300
174176
176822
160156
173111
165163
160871
185370
161961
167946
169811
166909
163222
175725
183763
176103
157733
164673
163292
151183
170874
171878
180011
178646
156953
165756
164292
165590
174207
173745
158337
165256
167657
157361
165036
172239
162575
171420
170538
189716
180137
164499
176136
172040
173881
184335
176486
168279
183055
167414
174510
173197
171295
159612
164616
182337
176892
186656
179198
169946
185202
153822
171968
163660
164954
167615
165930
178928
170063
173705
153066
168052
189079
167102
177241
171920
178666
184544
166217
177164
183204
182772
173582
181120
188418
164384
163558
184299
169825
155958
174747
179101
170650
169077
152528
172676
170171
181470
170723
178468
173970
163579
169759
151936
170731
179468
161972
173701
164958
181145
162016
166240
173484
159634
170874
180462
167400
176505
177305
152350
166607
178564
168579
171384
171141
168298
173022
157418
172203
171207
171592
164330
175406
183203
174704
175484
169729
168805
186864
165153
169529
173146
177409
163904
184545
174521
181165
167108
184283
166414
176438
173843
172331
157789
176243
163920
160619
172163
170295
171934
161305
165327
171238
174642
173967
171649
170776
170537
170794
157559
169026
184734
165569
176645
163650
162112
184294
161888
158906
155639
170434
167448
158966
180992
179078
169837
170571
167546
180873
164749
170244
180228
178554
181131
167803
188066
164209
162293
176179
181986
164875
163473
182639
178898
177804
164507
158940
175417
183194
165209
165780
154605
173825
172906
174181
167372
168544
165709
169394
175895
160487
156783
161832
163196
164112
162980
166123
165782
172506
177324
168669
185615
163926
177973
176225
161702
161958
170893
176737
172268
181365
168844
166671
159904
156542
180046
161162
161585
169013
169755
176315
166983
179076
161174
170077
160899
184465
175330
167552
164567
175745
178458
159969
160738
166817
167263
175754
161166
192046
173010
166624
180209
158948
173122
168174
162042
175128
157129
176139
159749
164195
164849
155906
165107
183003
162256
158027
177237
162492
172545
175349
175772
168344
174839
179312
178217
165378
181556
164757
178106
177904
158874
175188
161345
163242
154264
175626
180697
188903
167073
178094
174714
177183
163208
169819
165118
172869
174496
176636
172665
173306
164817
159627
179223
176894
193917
158957
163392
167268
178137
179644
174764
177662
161146
175200
176038
168257
171074
179189
168927
166390
186868
172411
165871
188214
181832
183168
172075
161292
166304
169463
165308
174423
175614
166640
151664
172749
166989
175223
160592
167915
177347
175724
175481
172578
168182
178492
159408
168176
172208
166799
162031
164233
175835
167546
166242
158391
164875
168008
166966
150143
171404
177720
148114
155592
162217
164623
180846
179662
174239
162554
181375
169548
166486
189886
181259
165386
170466
159018
163739
166395
180422
182348
169750
158872
174866
146496
176930
169161
165004
158895
178242
177044
172821
179657
160730
176080
159031
171396
167768
162161
176131
169425
157800
170293
170317
176377
174477
176137
180577
167325
168422
171848
166975
170748
175076
175512
167831
159906
160042
182660
181715
174654
178278
172541
171367
178498
167807
176782
173678
169310
184418
180025
169575
174055
180235
177918
178582
157586
169803
176626
172806
170870
186164
168466
167568
161473
160719
172443
162595
181878
160934
172118
165980
172903
168666
172175
190081
170609
167223
165107
177876
158207
165130
170537
166731
181750
184666
181831
174241
183732
175258
168249
175226
175963
167622
167309
171501
170589
173232
163509
169793
171981
166989
170306
174826
157177
164333
170965
155186
172729
171565
190205
168968
177916
165394
166841
174274
167807
183982
160424
176980
163330
170034
170545
158561
165718
172460
175573
162344
164755
160512
176728
171577
184024
155149
174152
173773
171656
158580
169189
161241
164805
170091
155969
170772
179927
165087
172643
170275
152440
170780
169383
158187
189819
169441
169726
179464
177477
190639
173983
166525
173668
165576
172295
164792
164506
166447
167099
164811
178539
180006
153296
180842
164413
181211
179653
168198
183930
178996
166559
177593
173333
173180
169011
169495
174527
185290
172865
185320
181841
155398
170123
172622
183291
166962
161632
160525
158134
171265
169624
179430
161511
169857
163500
170987
168277
153309
167203
169827
161123
184471
167914
174771
168338
156895
169621
161211
169281
185092
188993
168896
169296
181966
183769
173975
160458
172966
166066
158495
178173
168439
156555
176174
175732
160191
170744
176573
167417
176091
165659
172267
165720
171175
172905
166477
171493
180553
171464
163591
164957
167266
179337
170073
168265
186166
183017
165252
172657
171149
170702
174243
178566
166302
177565
179969
164685
178961
177906
175806
168272
184631
183197
149589
178941
168710
167895
169561
163974
172173
162288
177802
176826
166108
183097
173745
158577
170710
182078
176675
159109
155967
173032
172747
188093
170894
173635
164031
174610
170843
170656
177364
174057
161160
176096
162224
169915
170109
168599
171813
167980
174118
149282
174517
174300
164634
165541
165886
161122
178393
175197
183639
171348
184759
183487
172602
178831
170932
166110
175898
172365
172192
168874
163853
171407
165712
177730
167270
169948
184230
174029
177698
163854
171951
170336
181326
179127
163399
168459
166756
159126
174877
186069
174730
164139
160392
174751
169022
149640
161467
177251
174052
168252
168907
181255
154600
167045
168020
175708
174999
177977
169932
165173
172530
170728
173422
176461
169492
179180
186417
158399
180351
174897
172413
166483
157802
173953
180229
165477
165997
170352
168425
173017
159766
154677
169445
157586
169066
166031
167906
179744
173736
172954
171875
172232
153988
165338
168261
173137
159483
161906
174042
174798
165679
190062
169331
167634
171104
184214
185708
176794
172108
171697
170566
164743
175359
169521
157719
164645
172253
176562
167392
159544
170840
168132
153089
167105
171445
161495
167642
178255
157260
178684
176203
167703
194045
165248
172701
162727
161401
160342
173694
179494
180265
160330
166693
176528
172381
168585
169186
177174
159225
181418
179907
173339
170920
162467
168932
164312
168282
176369
170841
164850
173160
164873
166864
169982
154936
166521
171258
162601
157583
180696
172558
162712
171905
167382
170531
158969
180407
155142
163584
172121
172756
170501
170633
175331
178853
165959
166800
178421
160280
162118
178520
165104
170228
182824
174553
178341
172316
155770
177348
177500
179956
177169
176390
172342
172067
168008
167363
169300
160255
176939
167398
182422
187385
173901
154594
177448
161480
160309
163416
180686
166473
177050
168558
175349
178542
180525
156816
164846
164248
173116
173369
159545
194157
181612
179504
168128
174693
172408
169178
169987
182779
175085
168277
172263
159129
178999
175372
169372
177385
161113
189909
166526
182005
181366
156515
176924
175665
164945
189039
179835
157521
178177
173967
171592
154720
179314
152713
174920
178328
166996
165990
170253
166321
178731
164799
156963
170062
170946
178089
164101
180029
172873
178032
180537
181064
166980
164475
166277
187319
161692
177303
163561
157411
176036
154966
173493
173779
161357
169029
170209
152851
167794
167084
157923
168197
176866
173690
176633
181983
168022
170750
168169
173896
181254
172274
166240
160718
164842
169176
173606
177087
176305
168795
157413
178349
162374
167224
174236
159333
172954
175775
174742
176665
165792
157916
163444
164628
170921
167730
154724
177322
178910
161846
177389
180517
153040
181138
169569
161597
155343
166685
162998
173463
167630
168931
176980
161784
174238
169551
170984
177627
172545
174684
175180
170100
175564
171837
153749
171094
163513
172584
164869
177457
167557
173737
177435
174086
172318
173319
187060
174074
176136
176767
165028
174840
169747
174411
174794
176250
155233
173135
167757
173236
166236
174472
181761
171099
187252
166219
173690
176975
168679
168420
169751
182111
171377
168374
166784
159537
168941
170040
169254
161777
169401
175444
170126
170187
158237
183682
159098
159149
175501
174364
193433
171073
180533
179544
159773
179264
180099
172347
163843
164142
165675
181946
174225
168690
169651
181993
169821
177225
176131
165705
169747
174094
174453
185555
163072
174368
181281
165846
170291
179192
179002
171832
169620
171586
168438
164185
164739
186338
160804
166237
172716
174722
170541
174528
165163
182677
165439
178098
177510
175159
168986
159618
157273
151390
168190
166504
169936
167676
152043
177677
174096
180374
169957
160925
171015
183197
169265
171711
160501
181619
157813
166765
170736
181140
161215
149177
160243
155399
165639
174179
169169
190913
183249
173485
174019
174451
164705
164087
165194
173494
182555
157966
166380
182502
167956
168378
172361
167997
175168
167883
177982
174182
172987
163606
167700
171444
166627
172657
186018
179804
166476
177782
176565
168335
162840
171528
167924
169770
160161
169171
154090
174336
162223
178441
177433
183420
167406
161350
183578
153479
161473
167807
174216
173845
179935
171692
186200
168688
185286
163350
173070
162552
178015
186413
162910
177775
179583
167630
157905
179328
168085
161567
181428
156209
177537
159212
163801
167445
191257
170462
158471
172560
181673
168220
168241
169533
160394
172198
159374
169829
175229
163111
175277
173124
176258
154585
155653
183274
173110
188441
178703
157828
189005
156484
181383
171788
163371
176315
171174
173359
155500
171431
162336
175764
154021
183927
170406
180833
164471
164966
170646
175062
174268
176718
178184
171345
185109
163690
174852
176453
166456
175954
153860
171110
181036
165794
163036
156652
166986
195360
180061
178968
184441
170662
157396
169472
163602
159652
162174
163321
178687
182073
171867
166768
164794
171736
172868
168502
176101
161175
170959
167561
166557
169890
176039
172310
162544
173529
174814
158401
172349
158950
163932
178318
173235
189542
169751
159402
181709
165544
179053
170622
159020
161663
166836
146126
159084
171998
163888
169834
165554
163440
175354
166728
169085
170064
166555
173548
170532
184205
174650
172211
167979
174967
179374
170350
169992
171772
184586
169945
169831
167803
155312
179684
160640
173293
172257
159988
180459
169261
163046
187396
172310
161888
181490
168972
171204
152312
186359
172970
160757
168466
156954
171872
183207
185615
182493
173928
165800
165754
172779
186071
165748
165214
161854
154814
166871
167303
180681
171291
183518
157350
162695
180850
173948
180342
167930
175390
172234
163964
161154
167074
163928
164057
169709
170597
177274
146263
164665
172590
156547
174915
162836
175163
169392
185354
169859
173851
162133
175691
159752
169482
170477
170793
165376
166930
163154
163845
172339
167705
178236
189906
181697
164940
181779
166178
166383
178938
176986
182510
179365
172736
192787
169188
179153
187900
174954
175121
174499
175362
166444
175274
174501
172882
171045
175631
170077
194233
158620
176761
184612
176817
174187
165326
160834
170622
187211
169352
155501
179600
182202
172668
171196
166463
174629
184453
162970
168303
183828
173619
161284
167625
172438
175750
159184
167550
169435
181052
173222
180957
177990
177985
169372
171580
182717
170287
177763
181958
161610
176456
153735
158561
169174
167617
161209
173730
179671
166568
176343
170826
180074
171118
166031
164034
165143
168196
167846
170199
158611
171017
172966
176465
154480
172924
168623
163008
164661
162455
162914
186286
172750
178002
171083
168250
168476
164495
166596
171945
172382
164118
186907
168286
168859
184109
171237
161739
177325
169580
163529
177576
175223
182845
170953
168838
173059
175603
179877
156172
165476
167930
171449
170967
169806
167859
158552
163861
183694
181102
175411
170198
182848
178859
182436
182226
182571
160784
169447
167178
161670
166376
178509
164135
157724
169795
158817
168875
160166
167480
171710
160636
183050
167191
173208
170581
173515
174702
177119
159505
159076
178763
160533
168089
173817
167091
166129
167355
157857
185573
156693
174166
174677
163671
158028
181368
168085
173605
174598
163904
177334
177044
175067
175229
166950
169586
168395
172064
180348
170702
167629
169673
180187
168870
176605
155450
180413
159758
154032
165793
173488
169866
180495
162310
173814
175642
158296
176339
170668
170220
160195
169694
166116
183536
164435
166129
168792
172074
173158
164500
161334
177797
154911
179703
172114
179620
167116
168801
170506
197201
157082
180273
178069
183098
153913
183470
162849
181540
188881
172972
166056
169365
187091
175950
185458
177259
171049
176070
178574
176176
162461
175028
174611
170725
156563
184222
178760
176366
168974
167715
164218
153085
167427
174359
159280
176569
175277
164566
171472
159933
168003
162803
168811
167859
174350
168815
169108
175847
158555
196258
164100
159910
174052
167708
176163
174209
174821
168008
164296
167714
157318
166520
176312
174934
177087
185033
167608
177754
176133
191465
170472
177708
164453
182125
168024
188184
171671
166605
181841
175307
161225
173455
156412
174804
163916
169395
177803
173956
171042
187028
172944
184288
149677
169917
167120
173026
167962
153673
187530
162432
176382
163569
153139
179016
160374
179676
163547
177364
161830
178961
183955
171758
173725
164854
161732
179632
163086
157470
176909
171885
156149
174838
183604
181942
168356
169335
165068
166185
168144
167359
177600
166256
163908
171336
176339
174884
160824
174960
171631
171512
176772
180219
156463
164851
180267
173479
177563
173323
170562
181025
170725
165413
170954
167078
167425
168322
171114
173073
178356
186856
182686
166307
174536
166896
158818
162802
171382
181047
173566
164467
168971
162316
176972
161702
179288
161740
176227
172476
160639
180451
169509
173040
182468
167818
168475
178673
156901
155622
170395
173196
148288
170332
176692
170337
164905
169454
178786
154380
168434
163132
157353
179770
166861
174962
168897
170391
178173
166571
163382
164088
163068
176684
178430
169766
186098
173100
171237
175606
175071
171468
177491
170331
154836
163596
177516
156594
171496
164289
167317
174279
163543
150411
166076
176818
163771
173145
179626
172976
177186
182671
172696
173239
159674
183055
165582
183441
171757
180799
182704
175119
170589
164834
178366
176231
178763
168933
157980
174501
178135
165708
177021
169370
181802
181775
178623
170320
154548
161704
177825
176657
172110
167653
156486
166781
179907
172742
168534
173329
156117
172962
162719
171400
160367
161041
176458
180685
150180
163990
183636
154719
159519
170428
163960
157685
173800
162404
165113
171470
171661
166401
179588
160533
162504
169816
168893
180340
157208
177244
178256
184685
181181
188922
178931
187180
185630
166152
166536
167632
172876
172074
172536
173740
177895
169635
171099
185612
160834
193388
172189
167542
163885
166029
161084
173794
161392
171552
170032
172175
165980
183360
175384
168370
172415
174834
170431
168638
164494
164178
172857
167977
163770
175878
173013
169079
168486
168010
179699
163922
175021
171913
171373
172449
170729
170737
174654
161530
177548
169374
177966
173321
163367
171752
172626
174676
169825
186176
178466
169442
182773
180878
174843
164777
181040
184569
147210
175079
183031
173171
171984
179057
180289
165696
174546
183504
169772
170036
168116
177526
171401
179730
163766
160237
192679
163241
196454
177620
169867
172619
181350
169901
159732
179218
162741
167507
150776
171714
162815
168033
164878
173876
172035
158193
175414
159676
170458
171003
171618
166336
158027
171085
174690
169867
173501
184984
152048
169411
178205
154373
173119
174617
163650
185488
180055
149045
180269
171149
170624
159931
175450
174524
172886
177350
183018
167761
165208
175450
156674
181391
178650
181493
160697
158672
179271
158058
184549
162533
184889
168931
167981
172776
175508
167876
150567
175098
181454
177122
164112
150595
179478
175306
169610
164961
163537
170352
178713
186351
175340
177273
167740
156904
173403
171086
177984
155421
173657
179006
164305
178335
157283
163691
169598
181746
169639
166582
167155
169751
168998
181551
170854
161333
163899
170664
166826
171271
163421
158588
184456
170665
155030
157326
173346
165446
164648
169598
168291
187885
175951
171192
167725
176836
167737
168955
163704
159513
179591
179544
157123
172303
178543
166819
149176
178173
173400
175580
163387
157026
165378
173742
184334
163687
166943
163758
163366
173067
156579
181191
170733
167531
162446
177499
181223
166817
169241
176195
177319
171632
170970
171040
173529
166954
169696
158627
167736
176759
161544
178334
174114
185519
174883
164265
158563
180803
167534
178811
169926
167378
167665
171002
171985
158724
171083
173210
168751
181913
170521
165534
174865
171547
162931
175958
170013
172257
182384
162717
173737
162828
177193
174469
157110
155099
158078
168770
181182
164050
168706
172077
172778
174166
168476
182425
167452
186823
164458
168810
176446
176708
175097
165865
176649
178116
186110
186216
168956
175817
171861
184192
166028
183740
169019
173172
171206
166030
168030
181210
174445
186791
168600
157435
163007
171925
174253
184353
157495
168653
168521
176923
165296
148358
180359
156028
171660
173896
154461
161700
161785
175317
169968
172312
174518
193067
175263
167572
152983
170650
163882
173286
170045
159642
192742
167116
178560
164727
173133
171558
156653
170227
169641
183440
181570
170953
188656
171704
174536
165283
161596
185636
178468
155418
179872
171528
173925
183558
167951
163975
162367
158592
166502
168923
172979
178358
176816
172632
175319
176775
172187
179623
165517
177713
168481
189597
162606
168557
177979
166278
166168
168619
174635
173816
170307
177210
183334
162859
163984
171027
172100
175175
171723
177154
171784
165034
190535
162238
167489
170445
166207
178368
152794
167947
170206
168150
159789
171319
163117
168612
172537
167966
166278
174143
192334
173605
166156
162065
171452
175927
163392
174190
167379
173512
171641
165922
170613
181987
158564
179420
176220
179462
166272
175509
161438
185510
161599
171101
164119
178652
159791
177010
166976
170116
155427
171287
179314
186375
163514
177314
175797
164707
152287
178128
169573
182801
172316
181575
161351
161844
174584
161352
172653
163355
167683
176435
170298
170826
188563
159240
171109
173913
159062
172850
171298
171064
178960
168464
176769
168869
165652
159062
164692
168241
186559
170281
172672
165743
171187
161474
166031
164713
188209
177860
168792
166154
174207
176667
175399
175845
163600
169047
160977
183302
181617
169560
179800
162373
181353
165443
171383
166161
152745
176007
168945
180338
178390
174588
158646
168941
172422
175770
158824
171234
164430
162399
185251
166809
173427
185045
179329
178163
179619
172951
172847
165293
164195
162053
177134
172586
156078
178780
180916
161514
174888
176621
166036
174865
168713
176811
160380
169843
187437
177863
154723
169287
180024
154968
179950
172532
175360
177129
153801
165725
176976
182479
176513
178029
168993
176213
165596
180419
162486
163210
169322
173443
169302
181717
176412
165832
168845
177244
178621
153791
172843
178372
174275
187689
163501
176763
167868
167894
168958
167742
189454
190278
167586
173250
163587
175320
171412
164537
165320
175953
166609
185172
162450
167876
170617
176222
166128
166148
179805
188925
161195
179903
166910
167921
168116
166995
170418
179307
182044
169467
166339
175016
169818
166014
156438
164173
182505
165023
160776
168341
169587
173255
183450
178824
175563
171881
176360
180686
161317
164637
174882
171310
177433
177094
170441
176450
181652
184270
184550
169984
176650
170532
167837
172574
175337
167366
176374
167274
176409
180783
174893
184102
163047
166201
183323
172366
170642
168799
155941
164941
166118
175815
171591
173487
170225
174145
161563
176319
176818
168602
180611
168686
170106
177739
174396
157628
162075
167443
178496
159903
175091
162037
173504
182872
190145
178195
171052
159547
172464
180176
163766
169641
173504
176780
159772
166695
171617
173920
166441
180978
165414
174598
173572
168688
178615
177123
181908
173413
172502
172901
173148
169812
169470
172691
178233
174514
170642
173526
156283
185108
188216
182074
168486
153798
185026
169742
169522
160917
185374
163398
162461
180640
170160
181074
161771
176917
171852
181619
172618
172843
170872
158301
181725
161052
167795
163248
167320
168894
176926
183416
172764
165397
166813
177122
172380
178429
171440
163747
171083
176562
172777
173237
165517
170838
156291
174308
175830
175510
165765
168628
167852
180090
174483
166419
169279
180377
174718
174719
172149
174752
183324
175236
170637
164227
166144
169527
185710
165217
167104
158850
183966
176936
169924
178932
164889
159922
167693
177229
157367
168774
175088
178004
172620
175164
165044
165599
164014
162930
167232
173054
180914
170771
167788
184568
186112
163828
170500
168860
164116
171490
167834
148688
165889
165978
182290
174547
168848
158823
178866
172155
161970
171031
167096
174242
173685
170346
173019
159200
174980
171258
177231
186868
166536
169879
180338
173644
174347
175082
160932
184291
177928
172089
175039
166400
164493
177500
164050
164882
173043
170851
177048
172896
173226
160623
162837
170630
170953
180979
165781
172493
158893
178828
190914
181996
179578
166940
168919
169111
179620
170943
157775
184985
151833
173769
157119
178063
181187
152651
168916
164470
170033
168894
171676
175978
183876
163183
168417
164750
177637
185348
165232
178287
170363
176124
164983
173339
183411
159216
181243
161020
176241
175878
167453
185348
171895
172095
172992
160045
154909
169162
167343
173499
169933
158759
169089
165445
160269
160821
177953
174790
174828
167709
171802
177699
171640
152924
174698
168478
156589
157619
182434
174728
168372
160018
176191
171396
168562
176530
184191
195313
159349
163759
174474
171243
180235
162751
169769
180148
165599
176947
170956
180653
169766
171715
174283
178826
183099
173563
159267
167711
182013
163014
165113
175071
160737
176679
178397
172624
157131
181955
166833
172963
165466
171507
153925
157041
184448
167495
170227
177620
153013
169420
171767
174431
174837
195865
172070
168028
168496
163137
157848
180090
160664
174399
168864
177509
160105
175047
171188
178396
167140
183139
165433
170269
171361
181789
185776
177759
159233
176210
171853
172471
169093
165326
163350
154648
167711
164668
172023
158391
169732
161690
164774
162702
188966
155685
173229
169317
170836
170717
184029
173245
169220
173850
183765
161566
164896
170586
189492
174794
160993
182069
167312
167129
162878
158184
177912
176705
171061
175627
170993
159664
177820
157240
165606
175289
159247
172134
183782
158407
176052
180840
188364
165128
168891
174989
168540
168225
163387
170259
164191
173793
170609
174590
164870
166690
166860
168441
158799
174386
178209
177853
171471
167638
166548
187051
172868
175702
169903
186903
175678
181212
166469
172517
159864
176173
159313
168507
168279
160761
185026
182535
172555
185077
186728
186494
175708
166357
156828
157024
179859
176358
169013
171106
172931
167285
177386
172300
175222
182639
169317
180544
173161
161867
166943
193668
150227
180362
190278
171422
159972
187294
174908
157232
167667
155198
164259
172658
177650
186104
179134
177446
162155
159519
169678
157224
174004
174185
170772
168643
175371
173659
165031
172353
178097
172617
168514
175406
189877
185408
175709
180192
175059
175163
165351
164076
173289
173716
158195
178387
180567
165812
173600
174699
172563
168933
162090
179607
190779
177755
155652
164547
171694
177678
168072
172884
185997
168696
166368
167972
169544
168933
171436
158514
165051
169272
170933
143958
167357
153955
167119
173289
171754
168472
178838
168185
175654
181324
180432
175056
162941
175777
177067
174970
182895
171916
170457
162507
180165
185587
160219
155862
173680
164190
174429
168386
188409
164267
181508
169991
161326
172032
161610
176643
167100
160502
168414
173638
158405
165601
171185
167516
185071
170019
175207
174611
186188
166059
171368
181234
174151
179803
177292
173274
175489
163858
162689
161781
166958
159688
178199
160797
162376
164960
174916
175707
154508
156183
172922
166473
167252
177238
174020
160220
169960
185287
174033
161027
175375
167553
163875
179322
170928
178669
174065
172162
158715
165178
181212
173796
168174
174742
172745
169774
181911
169108
171069
169004
168883
164620
182083
161666
164903
186396
169503
177060
181909
171347
158464
183313
159171
172269
167784
166267
165782
153002
178248
158965
168371
176162
154795
184945
183014
166346
180335
158030
169687
172654
165346
170120
171761
165951
169887
161674
169902
186103
165033
170327
170481
164609
161438
165553
163039
170817
177923
184542
172452
171494
159247
170201
167625
171121
163908
175724
179491
188392
164486
170698
181833
181758
176940
176624
169008
172094
163862
165228
161128
177053
182338
169694
184614
168301
181288
164882
166177
166482
151878
169298
167617
169372
171421
169187
186367
166309
161571
176592
156490
173653
164907
167608
180013
161186
170843
171415
177359
165321
167535
172479
164343
175527
170311
164630
174337
181799
182436
168096
168813
180159
167042
163289
174581
168642
154337
159112
163241
167145
174150
174912
168181
172945
168964
173707
158731
170055
163161
171203
177592
167973
187158
165052
180677
166790
169333
181769
181196
167937
185553
168701
171723
177465
163841
175316
176843
189289
181646
162919
186960
184644
172417
180180
169539
177583
158952
176063
190006
186027
169198
171285
166636
182238
163311
163665
178983
163531
172367
170740
184423
165237
179869
164929
177568
161238
173009
182677
181579
164147
157995
169554
174761
177353
165843
167930
157554
175277
182612
180487
167852
169522
161417
179522
162092
170480
173574
173696
170065
187389
166207
162986
157167
167211
177655
177108
172319
162123
181877
164093
184752
180721
164317
166057
173810
175907
169384
180189
172805
176434
146251
174948
178675
168040
172256
164417
151698
166131
155662
179276
161661
164617
171766
181408
166341
174266
187491
171873
164179
176353
171497
167005
202304
169542
174194
174387
172589
173915
164932
170459
173624
166135
176759
182192
170667
165917
171510
159803
183425
168128
161687
185729
171938
178234
170859
175973
177653
158138
170391
170170
164832
161614
175220
167063
179532
182622
158279
165312
175825
173193
174743
162737
167549
173781
182640
173904
168878
159246
172081
188734
173822
179947
176076
159854
171869
169463
173508
165830
162541
177137
168806
169600
180486
181195
160641
162164
176267
173343
176410
155041
164350
174569
178541
169755
158632
170657
169744
180163
183411
171222
160594
169807
173930
176358
185423
170252
167510
176358
169229
152727
190842
159321
173589
167760
184689
179053
177182
172601
170830
164989
169749
168177
168365
163072
154847
176485
166658
175798
187161
176358
170540
162906
169601
162156
184685
165465
157354
162718
177051
179729
158544
173466
171136
169432
168260
180385
184751
170045
169762
170285
171437
162939
160269
175027
158147
181991
177182
195814
163247
168233
161701
166019
174589
173418
173755
181929
170671
170060
181333
166077
160589
177279
176329
168865
168925
170870
194798
177055
173366
158635
179257
170870
174140
188382
168745
160026
177296
167678
169059
174590
166336
171671
171071
164849
167548
162472
176116
167393
160981
186094
166605
169945
172007
154985
169446
154672
175665
171235
170466
190115
172577
163683
160029
170548
166134
176720
170443
173868
165276
183051
172126
158915
175652
174087
169049
181473
176928
180660
161383
153993
171251
172812
162480
164620
175448
174717
172264
164874
169285
174865
173147
157629
169824
154833
184066
171907
175145
186212
170949
159959
179150
176528
175623
179818
174914
177111
179287
170197
179358
177152
170726
166379
156167
184189
182223
166014
172656
167499
169767
163573
185656
177192
160718
151265
182773
163328
178455
180553
182151
168446
161629
167223
170790
163846
167330
173756
163708
175838
180395
182660
166052
171005
171218
170757
182712
153130
177148
165360
163743
170613
173626
171696
179667
162940
158210
174054
173019
178350
168010
176624
161058
162689
191404
158822
175697
183953
162692
169074
161958
173137
165269
178432
174422
172754
182617
174902
165801
178608
176285
164233
163786
171925
179366
161028
173752
173095
169651
170867
174242
167626
180832
172996
172903
155356
147693
163208
173885
186353
185416
170371
165073
184017
172574
172035
167452
166564
168564
179569
167794
177329
175080
185304
170919
172549
172449
171473
165613
158281
169760
175848
160047
166581
168353
161362
167234
171429
169818
167258
177181
172199
168921
182130
175047
172807
167272
168956
177701
167262
180109
170863
165041
163138
155689
170538
156790
170191
170700
164029
170608
170630
176093
178869
168583
175892
171374
179541
176361
165408
185245
172555
166931
164438
168232
159981
185724
181199
172829
165302
166839
153455
182397
165193
172706
177480
173821
171975
167034
163862
166791
166387
175945
176909
181770
184775
178921
168085
174222
164102
170620
157725
172086
153834
155943
146340
162286
178849
181631
176190
174990
161390
170225
179586
182033
174110
171631
173675
176072
163548
177364
156629
170003
167157
173758
170946
168389
169709
167759
172935
178043
176465
176217
165847
161989
178160
163180
166460
165809
162062
181382
172606
167005
170215
177550
169324
169655
175276
176056
181855
185241
170912
174378
174298
171881
171338
176445
166805
174767
164762
174257
155228
166019
160952
174941
164176
157261
165523
179524
159794
164624
178664
175647
178533
168812
160945
171504
177871
173644
164966
178766
163493
185264
164487
177776
174934
190933
177561
171090
166179
157155
159979
154664
176262
177606
164436
167570
177767
172280
153086
159008
156548
159004
169514
176262
175269
161840
169285
159111
167332
190310
169344
178130
185899
168366
161742
165883
179119
168930
160184
177930
179767
181215
172895
175298
171883
166248
176885
165093
160500
177403
154839
175480
162508
174170
180726
169549
167156
158690
168441
158556
155814
173491
182828
186043
162710
181784
150683
163778
154366
170228
173707
172570
176607
173714
170122
175223
163548
168648
162592
166016
178530
181822
186605
163604
172464
190569
176959
179674
170813
165865
165126
175058
173206
164404
177108
165688
172448
186364
181395
166594
173327
187447
172525
168032
176468
182246
179263
167886
187561
173867
196531
168594
143902
166837
165768
169695
164060
178672
179217
156281
170474
176325
173459
167201
178267
176708
171681
178418
177741
174037
174920
171511
185986
172373
169977
180958
173592
170871
175823
159066
164435
166735
162068
181972
168646
174868
172595
158263
169927
174110
164500
175948
177847
167363
166657
175212
159337
156750
165919
180784
158476
169652
141783
172061
183119
150446
169040
176160
162390
173627
176348
164306
176083
182091
157355
178521
159602
176918
180065
169454
165954
168757
160853
172380
175948
165337
182339
163667
173499
170138
170909
176389
172534
168156
165861
156170
173171
166768
187228
168673
178531
162959
181262
166277
167064
176637
176490
184915
176426
158965
175181
184103
178298
173502
153900
183881
177063
179233
174111
167075
151935
177850
160117
153292
178256
171748
175586
176930
159492
190698
173109
179756
173892
175521
160168
175199
161414
158313
180871
163953
181667
164092
188889
174445
180096
186722
160723
162679
192031
154780
165393
173529
160306
173698
153120
177087
172470
175919
165710
171039
172815
164196
173144
170213
162984
166963
168709
176916
175106
174424
178384
175501
155752
164907
173145
167790
175678
183342
159579
172454
187274
168706
172050
177173
180425
177540
179812
178401
173098
168533
183636
171385
167401
163599
165747
177583
168540
186632
176477
171290
169245
163356
180700
165765
165830
163220
178551
173163
171525
156803
180450
177913
169795
175548
167768
175663
174407
181384
168361
167834
172857
161650
174547
181973
173273
181707
192178
173685
166502
173942
167456
149927
180465
167178
178463
163027
171865
178897
167826
171683
150682
163962
173658
168712
174861
186836
192519
165414
170988
178770
166844
172875
160043
175145
176191
160778
175249
161618
168377
170971
184464
165027
172103
166259
169276
177930
169364
162990
171245
179100
183073
179808
175333
175750
170379
169179
174355
167940
180283
172441
167351
174073
154043
182286
169186
172093
163716
165595
189456
170319
167463
164610
177107
172805
176467
153474
159824
164419
164273
158310
152975
165398
174576
183092
165790
163079
172389
164775
161910
163174
176191
182469
180527
189708
151085
182458
164404
163715
184151
164744
170393
163409
177612
172734
155660
163746
169788
179673
169475
171874
172456
163190
146610
173950
153654
169206
184545
170991
166005
158980
169961
173971
180450
173715
174188
164365
172000
171812
162314
171641
162237
168704
177476
173454
181267
150065
163796
163053
167326
170922
175983
179804
169173
161402
161128
169287
171284
165715
174273
178028
148346
173137
156243
179102
178699
169740
167788
158073
174906
167957
180152
155470
170935
175709
168491
178251
177473
162055
177543
164005
169203
178259
159274
166394
165970
170041
173057
157344
163663
173988
179062
171681
187253
167360
151349
164122
189671
162666
159156
180521
168378
175900
177084
168608
180145
161331
169574
163021
170598
167137
179715
167251
166194
161890
166940
171646
188040
175908
171541
173056
176899
179794
172318
188497
177310
175033
182542
164213
182765
162563
168313
180797
168819
177260
181588
163524
163969
182687
182148
179404
169339
164296
189144
173285
168409
173406
177252
173996
178195
152909
173882
171018
188046
168677
167825
171477
167647
173289
164438
177299
164108
176463
183671
178859
179668
170037
187434
175352
185557
173589
166529
168163
164769
172007
166475
180491
176511
182309
162950
178611
179754
177620
173860
171827
190556
173682
158890
163324
176022
164541
161607
181561
154126
156009
169320
189581
156316
172038
164761
153708
172606
181171
154350
166448
179764
171374
180594
179485
170332
170889
177747
178070
167755
170083
184573
171079
174313
172845
163332
164373
172896
178329
165766
164334
183574
170434
170872
173545
166021
161092
172889
166851
172118
181510
175413
179924
181578
190433
161129
173376
182443
172603
179179
175064
172223
167085
178909
175846
179286
161156
172074
181136
186546
180437
166566
181738
173908
170576
179583
168717
159456
186758
160119
168037
181884
160926
172291
179310
166690
172577
178238
166220
170184
156142
178270
186039
173324
173724
162338
178633
171571
168039
171086
175863
161821
175032
173452
155419
176242
171587
175302
152628
172755
175685
170917
156940
163179
155393
166763
168254
181856
173150
159532
165243
168727
173240
171105
172551
177886
183848
160210
162332
168596
170439
168334
173871
161779
184395
175316
164358
156776
177843
177643
177451
186058
181001
152899
187940
170344
176844
183787
175269
169561
179161
183216
172062
172509
175051
186260
177052
164327
185987
175004
182557
179232
181176
165426
173482
174135
184217
161314
159059
165130
173867
182455
175170
166322
164097
182926
173198
162551
180802
180212
171398
175269
164975
171809
168847
173295
154379
169802
173703
170774
170820
171835
175630
168522
162408
180468
181047
173042
172901
167509
170425
158667
184417
166129
167762
175939
166163
180900
174047
172555
157087
173667
174526
170219
180130
166554
161731
174029
177451
174507
173921
184754
160640
170369
169464
156763
172751
175902
180073
159799
158168
169214
175251
175033
169782
163988
177108
174389
166202
168435
178699
161641
170906
174585
163854
170030
180914
183358
174888
178144
166733
160051
178395
171377
172588
170034
173784
167945
180834
173896
173371
171766
182502
181955
179013
161005
165960
161505
175397
163109
155554
182065
175182
168171
174106
162881
180686
168635
167165
175696
168338
169205
153369
181745
178039
178197
173980
165682
166110
178024
170142
164940
169774
181861
178699
157143
167217
167113
169460
180931
184379
164204
178557
175548
178447
173487
153373
162803
142256
167597
167486
184679
176627
187454
173472
188270
172149
156890
174729
166447
171166
160674
172487
165616
167364
161321
166397
180931
174380
165593
167171
161134
167262
160129
176926
179563
159088
182840
156800
176692
173451
165964
176325
179928
176986
186640
173709
175652
158907
176647
162717
161683
154413
150339
166453
172363
180168
170121
171134
167715
172863
185310
165750
163236
175130
158795
180694
171835
168717
183027
181645
177003
174133
176370
162768
178879
174780
161171
165884
166932
168351
157661
169922
148389
175857
151843
158073
175674
178571
172887
172290
170932
172967
181664
170652
187424
181465
170568
174359
158169
164912
163621
189749
170938
155573
169582
163664
164348
165909
165094
165621
169749
168535
171073
159147
175156
150387
176248
160379
165996
183670
175803
171751
171140
156649
169657
182672
164483
165656
173210
174352
173217
192563
167012
178020
164203
171151
173590
173907
174103
164349
178428
178547
169063
171307
173082
174897
181305
159159
160540
174051
168577
176998
162241
170462
155436
168954
172792
167960
169250
158269
189345
176128
174333
176216
169585
162592
165086
166688
180684
167064
184208
160461
170795
165784
174757
181427
171563
171196
166548
171065
167640
178692
158647
172012
186343
171888
163449
167661
179579
164995
168831
167934
168141
163884
175862
175944
173390
167782
176508
159859
170444
172494
178245
179702
168162
166776
178536
162179
163959
171109
173407
179570
173278
164441
164893
169985
167202
156784
159751
173619
187055
178956
184048
186192
171202
164139
161874
175761
158764
173598
158450
180294
180008
172068
161907
167296
168856
195142
155719
167998
183931
172052
168557
176485
177422
163044
169142
188483
165463
154480
166895
178781
180025
152541
180071
167778
174366
172736
150316
173185
165357
165886
169301
167413
166104
176572
173612
177914
166598
173265
183077
164151
165401
171214
173803
174246
160136
170409
166624
170589
164403
169090
170665
167643
174585
178545
168758
174744
171786
167414
161359
175294
168212
173012
170767
180720
178385
172680
188262
163663
169480
189650
175493
180024
172436
183859
170585
160841
166141
180456
181112
170681
167352
155741
163730
173364
155341
171266
174458
172625
171299
165859
164955
161050
171055
183108
177688
177510
160391
167653
168504
161398
161741
173612
180330
162288
180787
159569
168153
175686
176592
172028
180149
171432
185649
178689
173014
186229
174389
156498
180218
158456
161352
170832
175989
166809
166237
177328
171160
165835
183272
176769
163894
183943
161770
171276
172457
169411
174366
178563
173567
170461
158185
174739
164499
169550
169031
181300
160588
163499
165310
173978
175086
167420
165718
175197
172823
184802
166086
183520
184686
177739
177521
174963
170760
159706
162096
173415
161891
168126
186398
159216
166266
166118
174041
177140
185203
166177
163135
168765
178274
187497
173585
169227
158720
181595
167019
160883
163351
172301
170354
175131
168538
176428
175085
178683
167213
177784
166508
174418
179677
170555
168199
157019
156578
157440
157973
163843
190437
164505
169623
169275
173785
166800
168019
186682
182452
173685
174271
164897
190972
163444
168187
166587
177312
166436
162778
175977
160961
167138
172329
172730
175118
180043
164214
161269
167387
157855
177784
168875
171764
164081
159720
155068
177611
168974
174860
166523
178297
149438
168385
176851
165808
180187
181375
176884
177600
166160
176136
159979
171252
172599
170283
179575
167177
176410
171806
167879
170772
178732
169552
184988
167844
168166
177386
174672
167225
176467
181668
163148
176205
173192
164782
162534
174257
168149
161155
156311
190674
168323
177546
176983
179906
163301
177084
163085
170568
174058
174743
170829
174909
173864
176063
190926
163735
166328
163087
182988
169922
171124
157394
165896
172223
170426
180712
191332
168547
170496
174848
167685
165587
183093
172745
169165
175198
181584
156444
171221
140146
174866
167722
171349
180202
171378
186629
163248
157842
160373
171826
170547
168069
162634
181920
174541
186911
178185
175335
173734
180792
175255
168753
168084
182581
158629
171837
165300
162530
175875
160378
164180
169749
182240
174738
156005
176862
170203
159918
168953
174433
170809
171781
181533
166704
170605
164922
166686
172639
155075
174217
166902
172170
164444
161863
172600
179743
173504
178751
162532
169376
172658
173665
158393
164553
168419
168819
163909
177598
171706
166816
178262
158297
184900
151008
158716
170388
171654
179552
162496
190015
174425
164481
178037
164209
183025
169361
156153
186602
171834
175921
166993
166364
183848
167100
164568
178962
163040
167635
169461
166570
170649
163753
170140
178061
172094
169804
169960
162900
169322
168461
169905
169471
176728
177933
167519
176902
158870
172918
169647
158654
171105
153607
168971
171397
159148
176741
151147
162685
171819
160095
177849
173165
170978
183859
177365
171119
165917
172037
174778
170602
155879
156567
171436
171101
172616
176329
164635
169449
172948
175710
168826
165204
171393
165533
174688
170579
174332
162329
158769
172506
178042
171117
171582
168965
175184
178481
178362
157019
173478
163281
162662
159221
178074
182849
175158
155255
156581
165595
184443
168891
175798
159981
173359
167068
173885
186076
184345
187344
158059
165420
168204
175550
185395
174767
170482
180278
158897
161252
174645
167766
178136
177365
176097
176488
176794
179202
192279
178387
173469
175172
181323
165883
169804
169341
182751
174378
176029
154479
165884
176215
168646
176123
163286
169666
157966
159674
173035
180720
170804
183406
166789
171976
173881
173644
176027
165331
167953
164190
158977
182674
183545
176681
156294
180587
155519
166158
173706
164349
160736
166416
172736
161703
157254
159488
176297
181108
177718
154966
171174
179496
170869
166039
172272
166984
177346
174454
167260
166256
166396
162296
167853
167880
166020
171762
158297
169799
168515
170550
187007
162773
180045
148183
169990
183357
156642
173927
173366
163332
168903
183122
165207
169534
162807
167100
174173
168219
187192
177657
162209
190109
184417
170768
171880
180477
187155
170119
165482
167755
171822
170027
167424
171967
167159
151367
182681
164270
170073
168946
166218
175977
174595
162964
177519
176020
186781
163302
161277
172814
176804
176425
171025
165350
178907
168643
178323
184585
163561
182773
181433
181084
158528
158003
171848
168354
178733
176618
161441
170822
159250
169028
169598
149769
151694
174546
158996
158828
163268
171608
160993
166052
170605
165709
181931
173841
152867
171733
161038
170001
174256
180051
163890
181127
181309
150391
183982
168511
171061
177655
162566
173958
170325
156899
172840
176502
168845
182606
164606
195485
165473
167656
186654
183714
174135
169447
173097
166542
174690
163328
168455
166557
180618
181568
169238
179653
182529
164840
172282
177662
173766
178576
161491
180130
160997
165631
169343
168373
165009
173753
169293
187131
158871
180888
172511
175023
172400
182147
185566
164026
166226
175989
172409
187230
154982
154703
173068
165007
184100
178530
162313
171786
169100
166889
167514
176082
172103
160715
170296
174493
186465
181198
168386
169117
174730
175002
174524
174962
172165
167094
178197
170337
186721
173810
182382
154698
171180
178563
163940
180499
156679
184864
167740
161515
174926
169490
172473
175405
170409
165878
177292
184724
172826
163438
171677
165136
175599
173559
171355
172681
183283
171105
166398
159522
181652
163574
161494
180550
177463
179834
181295
185568
186562
173794
178542
153056
165055
161799
169881
171092
175589
168150
154146
177276
173296
190091
170555
164953
168145
182795
168291
161070
160968
172529
164215
186588
172328
184768
175634
164485
180891
161438
169049
171406
170711
185740
168573
168671
172309
164380
167634
171228
169013
169619
163514
153587
161962
167908
169676
173525
163900
169629
162397
171450
188666
171212
172530
163624
180567
171072
161107
178585
168399
173096
173034
160867
171893
172623
163529
169572
176044
177097
172000
172822
165358
166903
174098
172536
182755
182422
183991
178703
164037
168569
162513
163414
182066
183045
169044
169558
185907
170647
182382
169014
167173
178839
165028
177847
174040
184052
171814
156416
172875
159023
172976
188275
183511
162401
179489
171274
164482
165221
162845
169652
173386
175949
170700
146272
176562
150792
175060
164989
169361
170263
173693
168290
158129
167443
173404
175916
159012
163409
164634
155032
174372
170850
161299
157225
162495
176633
175296
178432
161261
164898
182569
170889
163491
167578
166525
177670
168878
167324
176697
166102
163352
166543
175132
173196
169711
158744
172734
173363
166171
171372
149818
175579
176528
174348
170814
160701
179374
168540
163441
162685
164711
173727
155896
170912
168099
184331
170334
162663
170662
174855
175042
171834
172607
178481
178815
165456
191696
177520
181402
175277
183078
159657
175978
164526
169887
180268
173677
185006
167552
168095
171988
158832
170444
180136
181109
172763
165032
180450
162398
172869
173252
165382
175016
165680
180386
168867
176122
160695
178128
178947
155605
185688
177582
154085
173309
156657
182550
170837
166078
170583
166917
184565
157671
156848
188262
178932
183024
179677
185066
167939
167551
169072
175181
154204
177312
162373
177390
154998
164334
170290
176683
170142
169021
178070
172290
182192
176965
165190
178991
174007
157357
170510
167402
165935
173812
169858
171279
172299
189677
171085
164310
180434
169755
165792
176898
158722
172761
157246
178866
185923
172124
175761
169930
172715
174094
169728
169516
159955
181382
166370
194472
161545
170323
169287
182441
175663
171743
169254
171995
163018
167638
166972
176002
167689
154963
181444
156218
172228
167685
160501
158916
175214
186591
166198
169847
186283
164227
171256
159140
168290
166641
178023
164325
155233
166675
175842
162876
174386
169769
168536
174755
164770
168496
163554
186020
174690
158330
171495
163135
172403
156629
161364
185507
169550
179492
167009
167147
170337
178561
169053
178788
178788
173636
176068
165354
178170
172307
161609
181864
161460
156512
169077
180160
172865
170889
149862
185673
171114
175941
174261
184794
179466
166802
188150
178565
174494
165353
172375
176493
171372
169191
174551
153594
161422
179322
178185
164340
163910
166012
174711
168238
182770
186109
179879
164893
169215
166041
165327
168406
164385
175649
172682
168882
165515
171800
179974
163513
173357
168818
162458
174655
184639
176481
167648
175535
162634
172656
166414
171716
170435
179863
166604
147215
157876
182935
150758
167079
175305
160337
150018
153817
173168
188388
167426
160368
177190
183015
172694
173819
156789
176767
165983
165859
176562
170695
157956
167585
169087
179514
159117
167221
182479
154776
176892
154888
162764
158331
165582
181570
179203
163397
172621
167159
166842
160114
174103
167543
181163
167343
168920
173533
165110
175550
166035
165479
172090
153459
186041
163244
177753
172281
172280
154123
181312
176362
169728
158895
168412
184852
177600
163492
163284
159839
188943
164798
191112
178766
155558
169574
166247
180461
174689
171611
175441
163088
170135
155288
176379
172105
165660
160946
179662
159396
174550
161602
164162
167604
169041
174748
164718
160877
171853
182842
177566
170024
168880
178199
161163
172720
159237
187295
160669
162841
162136
163826
167797
158620
165951
157143
178173
180387
187766
165208
154711
187038
171788
173748
168869
170269
177459
177853
165423
178918
161124
177890
157254
172724
159931
184298
174372
171582
174460
163709
175074
159212
163465
176169
159486
164950
181561
169956
170040
185762
173199
167929
178715
159251
166680
179801
175520
180839
174740
162202
180676
161870
178689
163532
171107
171047
170410
177866
163031
164191
158522
173870
163720
179954
166745
171998
178449
161712
173115
175247
170731
185592
178815
160422
164457
181008
175776
170233
179747
187286
175043
171490
179647
181832
168439
169289
188359
166909
166605
172615
169092
180726
182770
180391
172817
174250
173170
178591
182993
174459
168089
181665
154944
174316
161646
172001
155824
153860
169928
162307
184074
185759
177296
155855
178390
174624
162272
180703
172709
194241
176411
179445
184493
155948
164963
158806
170813
183207
163671
169751
172680
181468
161370
163360
169298
169938
184077
171099
174611
177754
165837
173627
160420
190948
174874
160764
187839
169636
155746
168027
166496
170306
187962
183519
182321
182405
185704
163137
170969
166220
187849
164150
164054
170052
169153
173536
179263
178638
188353
158447
167179
166984
150951
174167
172465
168535
178721
187227
160584
175920
165289
171584
175141
165982
167974
168409
166074
172073
179380
171533
179225
182639
163113
157792
189785
165899
178046
185473
166263
172985
176553
164087
165854
168309
163033
166976
172528
168879
173048
175063
174586
166580
171200
172997
165814
179586
174832
176451
168881
172627
181150
172002
170153
164981
170063
179069
169602
168504
171118
175710
167044
160758
151351
169864
173352
170331
173641
181735
166187
161280
168066
167560
186129
164364
180571
176502
176313
165822
177333
161781
169452
168042
157219
174905
167490
159100
173263
162055
178070
183512
196323
173094
165466
165736
169796
172009
175848
161725
183540
171201
173235
174169
163455
164996
174671
163999
173108
173593
154493
148265
166933
175131
161733
171398
175956
166623
163392
187376
185072
164902
160039
159198
164994
169494
184868
167047
169929
169584
161890
173748
170319
169566
171288
156303
178096
181973
169825
168649
178233
171111
169343
168026
161058
167608
179421
173854
173891
157445
166023
180161
181018
177686
174433
165706
163248
170011
164915
176404
163645
165805
157994
180223
174172
170785
151969
173671
160476
154690
169327
168229
156178
173862
163982
182472
158551
171019
179495
167675
167338
171227
173761
160985
152774
180323
154742
169517
169201
174062
172592
173244
176537
160207
150568
175724
174936
170912
173214
160558
182829
159538
190415
167796
180192
175049
156856
164096
163107
169745
181929
164246
156465
179835
175081
190729
162651
169255
174613
184196
165944
178057
169633
167948
179004
153329
170051
166014
158994
173867
159970
164569
165226
177480
182125
171622
157691
177915
168018
159664
162508
184218
179660
163447
165457
169935
173227
164731
164016
176151
182946
183904
178167
172183
181014
163613
167068
177473
174880
161421
165043
180480
173341
170802
176121
170070
175651
168071
165501
180258
169796
167587
172437
169774
173769
166928
163769
170355
180748
171587
170452
184060
172719
164771
168954
186775
175556
156756
165586
169673
179789
180705
192033
167844
179086
178023
173698
155309
160184
166562
181605
160430
176894
177221
185866
175193
168356
184764
176757
163405
155061
175451
181055
168255
160640
165489
155183
179728
168094
172813
178260
166644
175561
171089
181719
175119
161468
160583
166305
166717
182113
169023
162925
157359
189494
155266
173412
176725
170548
173618
174346
177941
160170
164011
185907
180818
180415
187664
178051
150386
181907
179430
188304
175348
176767
172090
176577
174183
184054
162914
157545
168317
170680
162999
176756
166961
171439
165531
170599
182368
167972
169694
163910
161893
157078
186034
167970
176111
172330
178626
165606
187839
184486
169497
169911
181121
167272
169373
181498
167545
168220
167222
168611
170413
174383
163605
178501
178523
169906
171967
179634
172367
187448
183760
183650
179525
176525
174706
180499
161185
173961
170150
169893
172586
165252
163636
166926
171363
153726
163216
175542
177544
161680
179649
166624
166735
176185
159709
176492
166530
168695
179108
162244
178926
179636
186951
165757
178331
183190
179546
174852
176038
161793
175928
174079
173128
182278
174128
174365
171570
170419
184074
178845
166509
170358
189095
156012
171954
163504
169848
153311
168110
165784
183664
180628
183714
183519
181689
171911
172396
175012
176623
174245
174922
172812
178854
148252
169530
162669
158777
171596
170101
174297
182334
182989
174335
177937
170325
169360
168422
182113
155284
177595
187565
173235
177611
176312
176135
168181
170600
158295
153951
164800
161526
175963
157522
177807
174876
164055
176759
169241
183478
177626
178898
174063
162349
183925
179681
170360
159323
167930
171763
188051
172455
169497
175341
186536
174344
174486
163238
188172
164076
163377
178494
186607
169282
163868
172862
166886
166156
172432
168221
175663
179773
174681
169597
167771
182969
176521
160580
182030
176757
181699
172289
174468
170506
169998
179995
168443
183325
170799
170034
175704
169065
160279
178573
164459
171634
178863
167670
155780
165299
173738
160311
186235
173417
181779
173208
180657
168352
179865
155249
164262
173435
172142
169734
174117
159576
167546
161716
170409
158512
167091
167450
168228
191254
165528
171340
174450
169920
167682
192664
184658
178291
170943
176264
167889
162381
180714
167647
169089
158141
167308
177359
155617
178571
176526
169987
180574
153950
173734
161414
180714
162545
164840
167282
164939
165357
167024
173958
185437
179974
168409
175462
189038
176532
181553
171298
183899
183455
176409
169267
171106
175730
164146
168904
156075
165754
178521
162537
166670
168488
175793
178607
156488
177583
176312
169737
165797
146847
175380
170776
168750
167697
172102
190425
182391
175168
172561
170458
175976
179098
177359
179331
167318
171141
175987
164230
170832
171024
166325
182121
161459
178415
170204
165970
173877
183181
175358
176289
186750
169971
171116
177872
177969
165016
172495
161891
167653
173802
161604
160174
166175
182833
157088
181070
164299
168788
170980
166401
171763
165358
162977
173983
175056
162579
165537
170283
174162
158909
164719
180060
167885
159847
161373
168880
154841
174909
159953
177123
180392
157393
174482
171448
171975
170614
162916
163220
165233
160920
180823
167703
162273
163401
158771
160188
176553
166204
173927
170925
169444
167846
162108
182000
164029
171047
172433
169319
177320
168991
181452
155239
165735
172494
166323
176720
170559
164072
158345
162456
164171
170657
164382
169531
170486
177029
166188
170529
168144
179070
173232
167644
181729
172822
176382
168505
183194
160664
167588
171149
176195
167244
169740
162148
175363
169971
171765
177452
182652
156806
170920
183317
161776
165482
161879
158981
182675
181498
178850
171988
173216
191677
154731
160009
171666
174191
173676
163772
172232
163548
171682
182158
171654
171668
181864
160565
171089
157680
165815
177658
166725
182581
164148
170827
161549
168833
179331
165777
163781
158569
158795
170656
164243
158872
164757
170829
167327
184067
180831
162731
170983
171922
174254
172013
172969
171735
190153
164217
174429
163336
169303
158411
157310
157919
180752
165193
166453
169224
163960
172561
175661
152833
167689
171753
167922
175664
181612
175994
170939
176886
165726
154462
159409
170436
159666
179555
169782
174751
163668
163354
185001
181044
162717
171299
170192
175397
155708
174023
170742
164384
150791
169358
164241
181476
170376
174917
167787
154975
162002
160923
165224
175170
165345
175503
169641
182281
179714
186128
167426
166411
164729
174864
190897
160260
177322
164358
172235
162515
174925
153238
179700
165072
169560
168536
179974
168922
161159
166395
177294
155349
168629
171861
176275
190250
161195
163403
184129
169514
164259
164181
170224
170142
165320
176264
165133
171409
172516
166730
175879
154810
173587
176691
175924
170639
170273
176163
164693
167494
176355
168957
166524
165661
159358
175712
177684
167946
173383
169348
175638
167542
164900
173177
165535
171449
166495
162198
173928
164303
172684
173447
180391
171441
174506
180532
174485
159451
166794
166466
160665
177259
166696
171749
180610
172703
173149
179383
181883
176656
173037
164544
157428
173627
149888
177306
169430
160052
186018
169141
175963
182660
173403
174460
169117
181241
173629
181875
164389
175883
167004
174374
175716
156949
170617
166571
184769
164112
170835
161686
171412
173957
170113
164698
172319
169274
172191
177745
171516
175690
173952
168482
154358
166336
169162
158464
161431
175046
164294
164656
170196
165606
167938
165678
162400
150010
170950
160006
182253
182923
167782
173361
165913
170572
158985
177902
172318
175367
157841
177788
170644
157848
173859
163147
168273
170428
171224
170600
156219
162158
166091
167623
180848
163888
167492
162792
161998
168632
175274
174810
165156
181734
178847
165614
167834
165645
159467
177073
164055
182000
180624
166984
163113
174377
165850
180816
166031
171922
174738
177794
168020
177890
160704
174859
174026
172255
172667
156991
162912
163985
165867
150718
165170
172766
176669
171009
159189
162647
165101
170303
184653
181228
173405
173832
177388
167859
169676
162210
174112
176154
163673
177213
175753
173883
187212
165847
187558
166349
180099
167319
163361
171568
167846
150241
172430
167041
158348
175289
174770
175075
161748
156896
171492
173578
170020
163404
178079
172817
178420
168043
173181
167745
166653
171959
171339
179919
174007
175160
168245
163507
161694
185212
173931
164587
165669
162625
178723
176603
165327
155118
159120
168071
182563
166548
179494
174831
169124
160905
174995
164513
190387
170218
187216
178409
172271
171514
166008
174874
162381
175175
172994
174190
172219
169796
166290
182443
164635
172454
153736
181181
187911
159345
167025
168691
168947
165449
165305
162163
177660
176204
168966
175268
170448
176271
181557
178740
161622
180133
177371
180789
173571
156462
184859
188197
160502
173499
167536
181119
